/Users/armaanlala/Developer/Minesweeper-Algorithms/varied_size_boards/20rows_35cols_10d_3.json
20 x 35 with 70 bombs
Grid Area: 700 squares
Bomb Density: 0.1 bombs/square
Runtime: 0.2 seconds
Performance: 0.5042857142857143 percent of squares uncovered
Bomb Locations: [(0, 0), (2, 6), (1, 10), (1, 11), (0, 14), (2, 19), (0, 22), (1, 26), (0, 30), (3, 0), (4, 6), (4, 10), (3, 13), (4, 14), (3, 18), (5, 19), (4, 22), (3, 23), (4, 28), (5, 27), (4, 31), (6, 4), (7, 12), (8, 23), (7, 23), (7, 26), (7, 28), (8, 34), (6, 33), (9, 2), (10, 5), (10, 3), (9, 7), (11, 12), (11, 13), (9, 14), (10, 17), (9, 17), (9, 20), (11, 28), (11, 29), (9, 27), (11, 27), (10, 32), (11, 32), (9, 34), (12, 1), (14, 8), (13, 10), (12, 11), (14, 9), (14, 11), (12, 13), (14, 19), (12, 22), (14, 22), (12, 25), (13, 28), (12, 27), (12, 33), (16, 10), (16, 13), (17, 12), (15, 23), (15, 22), (16, 26), (15, 26), (16, 31), (15, 31), (19, 10)]
 
 
 
/Users/armaanlala/Developer/Minesweeper-Algorithms/varied_size_boards/20rows_20cols_10d_3.json
20 x 20 with 40 bombs
Grid Area: 400 squares
Bomb Density: 0.1 bombs/square
Runtime: 0.12 seconds
Performance: 0.48 percent of squares uncovered
Bomb Locations: [(0, 4), (2, 6), (1, 9), (2, 19), (1, 18), (2, 18), (3, 0), (5, 2), (4, 8), (5, 8), (4, 11), (3, 17), (5, 16), (8, 1), (6, 1), (7, 0), (6, 3), (6, 7), (7, 6), (8, 7), (7, 10), (6, 9), (8, 14), (10, 2), (14, 1), (14, 0), (12, 1), (12, 4), (14, 4), (14, 9), (13, 14), (12, 16), (12, 15), (15, 3), (16, 9), (16, 12), (17, 15), (15, 16), (19, 4), (18, 6)]
 
 
 
/Users/armaanlala/Developer/Minesweeper-Algorithms/varied_size_boards/15rows_20cols_10d_0.json
15 x 20 with 30 bombs
Grid Area: 300 squares
Bomb Density: 0.1 bombs/square
Runtime: 0.08 seconds
Performance: 0.43 percent of squares uncovered
Bomb Locations: [(1, 0), (0, 5), (2, 4), (0, 13), (4, 1), (3, 2), (3, 5), (5, 10), (4, 19), (7, 3), (6, 4), (11, 0), (10, 0), (10, 3), (11, 5), (11, 8), (10, 8), (9, 13), (11, 18), (12, 1), (14, 4), (12, 4), (12, 5), (12, 3), (12, 8), (14, 7), (13, 11), (13, 14), (12, 15), (12, 18)]
 
 
 
/Users/armaanlala/Developer/Minesweeper-Algorithms/varied_size_boards/10rows_20cols_10d_2.json
10 x 20 with 20 bombs
Grid Area: 200 squares
Bomb Density: 0.1 bombs/square
Runtime: 0.07 seconds
Performance: 0.565 percent of squares uncovered
Bomb Locations: [(2, 5), (1, 7), (1, 11), (0, 14), (1, 14), (2, 15), (1, 15), (3, 1), (4, 3), (3, 8), (4, 10), (4, 13), (5, 13), (5, 18), (8, 1), (6, 2), (8, 8), (8, 9), (7, 15), (9, 15)]
 
 
 
/Users/armaanlala/Developer/Minesweeper-Algorithms/varied_size_boards/20rows_25cols_10d_4.json
20 x 25 with 50 bombs
Grid Area: 500 squares
Bomb Density: 0.1 bombs/square
Runtime: 0.15 seconds
Performance: 0.508 percent of squares uncovered
Bomb Locations: [(0, 1), (1, 5), (2, 7), (2, 12), (4, 0), (5, 2), (5, 3), (3, 6), (3, 12), (3, 14), (5, 16), (4, 17), (5, 18), (3, 23), (3, 22), (8, 8), (8, 6), (6, 11), (7, 16), (8, 17), (10, 0), (10, 5), (9, 4), (11, 8), (11, 14), (10, 12), (11, 17), (10, 17), (9, 22), (10, 23), (14, 1), (12, 1), (12, 10), (13, 12), (14, 16), (14, 19), (13, 21), (16, 1), (16, 0), (15, 4), (17, 7), (15, 13), (17, 17), (16, 21), (19, 0), (18, 15), (19, 22), (3, 24), (12, 24), (14, 24)]
 
 
 
/Users/armaanlala/Developer/Minesweeper-Algorithms/varied_size_boards/20rows_30cols_10d_4.json
20 x 30 with 60 bombs
Grid Area: 600 squares
Bomb Density: 0.1 bombs/square
Runtime: 0.16 seconds
Performance: 0.49 percent of squares uncovered
Bomb Locations: [(0, 2), (0, 5), (2, 3), (2, 9), (0, 9), (2, 16), (2, 17), (1, 18), (1, 22), (1, 28), (5, 5), (4, 3), (4, 6), (5, 8), (4, 10), (3, 11), (5, 11), (5, 17), (3, 15), (3, 18), (5, 23), (3, 21), (4, 21), (3, 23), (5, 21), (5, 29), (3, 27), (8, 4), (7, 8), (8, 11), (6, 11), (7, 14), (7, 16), (7, 26), (10, 2), (9, 7), (10, 9), (9, 20), (9, 22), (9, 24), (12, 2), (13, 13), (13, 12), (12, 20), (14, 18), (12, 23), (13, 26), (12, 27), (14, 27), (16, 7), (17, 11), (17, 13), (17, 14), (17, 23), (15, 25), (19, 2), (19, 0), (19, 7), (18, 19), (18, 25)]
 
 
 
/Users/armaanlala/Developer/Minesweeper-Algorithms/varied_size_boards/30rows_30cols_10d_3.json
30 x 30 with 90 bombs
Grid Area: 900 squares
Bomb Density: 0.1 bombs/square
Runtime: 0.23 seconds
Performance: 0.5244444444444445 percent of squares uncovered
Bomb Locations: [(1, 5), (2, 12), (1, 14), (1, 19), (0, 21), (1, 25), (0, 28), (3, 2), (4, 5), (3, 5), (3, 7), (3, 12), (4, 16), (3, 16), (3, 17), (4, 17), (5, 17), (4, 19), (3, 19), (3, 27), (7, 4), (6, 8), (7, 14), (6, 18), (8, 22), (7, 28), (6, 27), (10, 8), (11, 8), (10, 16), (10, 15), (9, 20), (11, 22), (10, 23), (11, 24), (10, 28), (9, 27), (9, 28), (13, 4), (14, 8), (14, 11), (13, 13), (13, 19), (12, 19), (14, 23), (13, 29), (16, 1), (16, 0), (17, 2), (16, 7), (15, 7), (17, 10), (15, 10), (17, 13), (16, 12), (17, 15), (20, 10), (20, 14), (19, 17), (19, 20), (18, 20), (19, 26), (19, 28), (22, 2), (22, 4), (23, 8), (21, 6), (22, 12), (21, 12), (21, 16), (22, 18), (23, 20), (23, 23), (22, 24), (26, 3), (26, 9), (24, 14), (24, 20), (24, 19), (25, 22), (24, 22), (26, 24), (26, 28), (24, 29), (29, 1), (28, 4), (28, 5), (29, 17), (27, 19), (27, 26)]
 
 
 
/Users/armaanlala/Developer/Minesweeper-Algorithms/varied_size_boards/25rows_32cols_10d_1.json
25 x 32 with 80 bombs
Grid Area: 800 squares
Bomb Density: 0.1 bombs/square
Runtime: 0.24 seconds
Performance: 0.48625 percent of squares uncovered
Bomb Locations: [(0, 0), (2, 1), (0, 6), (2, 6), (1, 13), (1, 12), (2, 14), (0, 15), (1, 19), (1, 20), (2, 27), (0, 31), (4, 7), (3, 8), (4, 11), (3, 14), (5, 20), (4, 21), (5, 23), (3, 21), (3, 24), (4, 30), (8, 2), (8, 4), (7, 11), (8, 14), (6, 14), (6, 19), (6, 21), (8, 21), (8, 27), (8, 31), (10, 6), (9, 19), (10, 22), (10, 24), (10, 26), (11, 26), (10, 31), (12, 2), (13, 7), (12, 9), (13, 19), (13, 27), (14, 31), (12, 31), (16, 1), (15, 0), (17, 0), (15, 7), (16, 8), (16, 10), (15, 10), (15, 13), (16, 17), (15, 20), (17, 19), (15, 22), (19, 2), (20, 5), (19, 7), (19, 6), (19, 8), (20, 8), (19, 10), (18, 20), (19, 25), (19, 24), (19, 27), (20, 31), (23, 1), (21, 3), (23, 14), (22, 20), (23, 18), (22, 21), (21, 25), (22, 28), (24, 15), (24, 30)]
 
 
 
/Users/armaanlala/Developer/Minesweeper-Algorithms/varied_size_boards/25rows_32cols_10d_0.json
25 x 32 with 80 bombs
Grid Area: 800 squares
Bomb Density: 0.1 bombs/square
Runtime: 0.22 seconds
Performance: 0.47875 percent of squares uncovered
Bomb Locations: [(1, 0), (1, 13), (0, 12), (2, 14), (1, 17), (0, 16), (1, 23), (1, 24), (4, 1), (3, 2), (5, 1), (4, 7), (5, 9), (5, 11), (4, 12), (3, 16), (5, 15), (4, 19), (5, 21), (3, 22), (4, 25), (3, 31), (7, 1), (7, 2), (7, 4), (8, 11), (6, 11), (8, 10), (7, 19), (6, 19), (7, 23), (8, 27), (6, 31), (11, 3), (9, 9), (9, 13), (11, 12), (10, 20), (9, 20), (11, 26), (10, 26), (11, 28), (9, 30), (13, 0), (14, 3), (14, 5), (12, 14), (13, 12), (12, 15), (12, 16), (12, 19), (14, 22), (14, 25), (12, 25), (17, 3), (15, 17), (16, 18), (15, 20), (16, 22), (18, 7), (19, 11), (19, 25), (20, 25), (19, 29), (20, 31), (21, 1), (22, 0), (22, 4), (21, 4), (22, 7), (22, 6), (23, 12), (23, 21), (22, 28), (23, 30), (24, 2), (24, 4), (24, 11), (24, 13), (24, 18)]
 
 
 
/Users/armaanlala/Developer/Minesweeper-Algorithms/varied_size_boards/30rows_30cols_10d_2.json
30 x 30 with 90 bombs
Grid Area: 900 squares
Bomb Density: 0.1 bombs/square
Runtime: 0.25 seconds
Performance: 0.4677777777777778 percent of squares uncovered
Bomb Locations: [(1, 2), (2, 5), (2, 13), (2, 20), (0, 18), (2, 18), (1, 22), (2, 21), (2, 22), (1, 24), (2, 27), (3, 4), (3, 12), (4, 15), (5, 16), (3, 26), (5, 26), (5, 29), (8, 3), (6, 5), (6, 8), (6, 11), (7, 16), (8, 23), (7, 23), (6, 25), (6, 27), (11, 4), (10, 3), (10, 6), (9, 14), (10, 16), (9, 15), (9, 17), (10, 15), (11, 18), (10, 25), (14, 0), (13, 0), (13, 4), (13, 10), (12, 10), (14, 13), (12, 18), (12, 19), (16, 2), (17, 4), (17, 6), (16, 11), (15, 9), (16, 14), (16, 25), (15, 26), (17, 26), (16, 27), (19, 1), (20, 3), (19, 7), (19, 9), (20, 13), (18, 15), (19, 20), (18, 22), (20, 26), (23, 0), (22, 7), (23, 13), (21, 12), (23, 21), (21, 24), (21, 27), (24, 4), (26, 5), (26, 6), (24, 9), (26, 14), (25, 16), (25, 23), (26, 22), (26, 29), (28, 0), (29, 4), (27, 4), (29, 3), (27, 10), (29, 9), (29, 10), (29, 13), (29, 17), (29, 22)]
 
 
 
/Users/armaanlala/Developer/Minesweeper-Algorithms/varied_size_boards/10rows_20cols_10d_3.json
10 x 20 with 20 bombs
Grid Area: 200 squares
Bomb Density: 0.1 bombs/square
Runtime: 0.06 seconds
Performance: 0.465 percent of squares uncovered
Bomb Locations: [(0, 2), (1, 14), (1, 12), (1, 15), (2, 16), (0, 17), (2, 15), (5, 1), (4, 4), (4, 5), (5, 4), (5, 5), (5, 10), (5, 12), (6, 1), (8, 5), (8, 6), (8, 9), (8, 12), (6, 17)]
 
 
 
/Users/armaanlala/Developer/Minesweeper-Algorithms/varied_size_boards/15rows_20cols_10d_1.json
15 x 20 with 30 bombs
Grid Area: 300 squares
Bomb Density: 0.1 bombs/square
Runtime: 0.07 seconds
Performance: 0.47333333333333333 percent of squares uncovered
Bomb Locations: [(0, 9), (0, 16), (4, 1), (5, 4), (4, 5), (3, 11), (4, 11), (5, 14), (3, 14), (3, 13), (4, 17), (7, 1), (6, 2), (7, 5), (7, 6), (7, 16), (8, 15), (8, 16), (6, 19), (10, 1), (11, 5), (9, 19), (12, 2), (12, 4), (14, 5), (14, 6), (14, 9), (13, 11), (13, 18), (12, 19)]
 
 
 
/Users/armaanlala/Developer/Minesweeper-Algorithms/varied_size_boards/20rows_35cols_10d_2.json
20 x 35 with 70 bombs
Grid Area: 700 squares
Bomb Density: 0.1 bombs/square
Runtime: 0.19 seconds
Performance: 0.4785714285714286 percent of squares uncovered
Bomb Locations: [(0, 3), (2, 4), (2, 7), (0, 8), (2, 8), (2, 12), (1, 22), (0, 23), (2, 21), (2, 26), (0, 32), (2, 32), (4, 0), (5, 1), (3, 4), (5, 3), (3, 10), (5, 11), (5, 17), (4, 20), (4, 22), (3, 24), (5, 27), (5, 28), (4, 33), (6, 2), (7, 0), (7, 11), (7, 12), (8, 13), (8, 17), (8, 16), (6, 19), (8, 20), (7, 26), (8, 34), (7, 33), (11, 5), (11, 4), (9, 8), (9, 10), (9, 14), (9, 23), (10, 25), (11, 25), (10, 28), (11, 30), (13, 5), (13, 6), (13, 10), (12, 11), (13, 12), (12, 23), (12, 22), (13, 34), (17, 5), (17, 4), (17, 6), (16, 6), (15, 10), (17, 20), (17, 23), (17, 28), (16, 29), (16, 27), (17, 29), (19, 0), (19, 16), (18, 18), (19, 32)]
 
 
 
/Users/armaanlala/Developer/Minesweeper-Algorithms/varied_size_boards/20rows_20cols_10d_2.json
20 x 20 with 40 bombs
Grid Area: 400 squares
Bomb Density: 0.1 bombs/square
Runtime: 0.12 seconds
Performance: 0.5075 percent of squares uncovered
Bomb Locations: [(0, 0), (2, 3), (1, 6), (1, 10), (2, 13), (2, 19), (5, 1), (4, 2), (3, 5), (3, 6), (4, 8), (4, 16), (6, 1), (8, 4), (6, 5), (6, 7), (7, 16), (8, 19), (11, 2), (11, 4), (10, 3), (9, 8), (9, 9), (10, 9), (9, 13), (11, 16), (10, 19), (9, 19), (10, 18), (13, 10), (14, 9), (12, 14), (13, 14), (15, 13), (15, 18), (19, 4), (18, 6), (18, 10), (19, 13), (18, 19)]
 
 
 
/Users/armaanlala/Developer/Minesweeper-Algorithms/varied_size_boards/10rows_10cols_10d_1.json
10 x 10 with 10 bombs
Grid Area: 100 squares
Bomb Density: 0.1 bombs/square
Runtime: 0.04 seconds
Performance: 0.51 percent of squares uncovered
Bomb Locations: [(1, 6), (5, 0), (4, 2), (6, 3), (7, 7), (6, 8), (0, 9), (3, 9), (5, 9), (9, 9)]
 
 
 
/Users/armaanlala/Developer/Minesweeper-Algorithms/varied_size_boards/25rows_40cols_10d_1.json
25 x 40 with 100 bombs
Grid Area: 1000 squares
Bomb Density: 0.1 bombs/square
Runtime: 0.32 seconds
Performance: 0.506 percent of squares uncovered
Bomb Locations: [(2, 5), (1, 7), (0, 8), (0, 11), (2, 17), (2, 15), (0, 17), (2, 19), (1, 23), (0, 22), (2, 25), (1, 32), (2, 30), (1, 35), (4, 7), (3, 8), (5, 7), (5, 11), (3, 17), (3, 20), (5, 20), (5, 18), (4, 18), (5, 26), (5, 24), (3, 30), (3, 31), (3, 33), (3, 38), (6, 4), (6, 5), (7, 10), (8, 9), (6, 17), (6, 16), (8, 18), (7, 22), (8, 25), (6, 29), (6, 30), (6, 32), (7, 34), (6, 35), (8, 36), (9, 1), (11, 0), (9, 0), (10, 10), (11, 11), (10, 16), (11, 17), (10, 18), (10, 22), (10, 21), (10, 26), (10, 27), (9, 31), (9, 30), (9, 38), (14, 5), (12, 3), (13, 8), (12, 11), (12, 9), (14, 13), (14, 30), (14, 31), (12, 35), (14, 36), (13, 36), (15, 1), (16, 4), (16, 3), (15, 14), (15, 19), (16, 20), (15, 23), (17, 21), (16, 23), (17, 31), (15, 34), (15, 35), (17, 33), (18, 6), (20, 31), (20, 33), (21, 1), (22, 5), (22, 6), (21, 9), (22, 21), (23, 26), (21, 28), (23, 31), (21, 38), (24, 18), (24, 20), (12, 39), (15, 39), (16, 39)]
 
 
 
/Users/armaanlala/Developer/Minesweeper-Algorithms/varied_size_boards/10rows_20cols_10d_4.json
10 x 20 with 20 bombs
Grid Area: 200 squares
Bomb Density: 0.1 bombs/square
Runtime: 0.07 seconds
Performance: 0.445 percent of squares uncovered
Bomb Locations: [(0, 3), (0, 5), (0, 11), (1, 12), (2, 13), (0, 18), (1, 18), (3, 8), (7, 1), (6, 1), (7, 0), (8, 2), (6, 5), (8, 3), (6, 8), (6, 9), (8, 15), (8, 19), (9, 7), (9, 9)]
 
 
 
/Users/armaanlala/Developer/Minesweeper-Algorithms/varied_size_boards/20rows_25cols_10d_2.json
20 x 25 with 50 bombs
Grid Area: 500 squares
Bomb Density: 0.1 bombs/square
Runtime: 0.17 seconds
Performance: 0.54 percent of squares uncovered
Bomb Locations: [(0, 5), (1, 7), (2, 7), (1, 9), (0, 13), (2, 19), (3, 1), (3, 0), (5, 4), (3, 5), (4, 7), (5, 6), (3, 9), (4, 14), (4, 19), (3, 21), (3, 23), (8, 2), (6, 8), (7, 8), (6, 12), (6, 15), (7, 22), (6, 21), (9, 0), (11, 3), (10, 8), (10, 9), (9, 11), (10, 14), (11, 15), (10, 18), (14, 2), (12, 11), (14, 16), (13, 18), (14, 18), (16, 0), (17, 1), (16, 6), (16, 10), (15, 12), (15, 19), (17, 21), (18, 2), (18, 0), (19, 5), (18, 21), (9, 24), (14, 24)]
 
 
 
/Users/armaanlala/Developer/Minesweeper-Algorithms/varied_size_boards/20rows_30cols_10d_2.json
20 x 30 with 60 bombs
Grid Area: 600 squares
Bomb Density: 0.1 bombs/square
Runtime: 0.16 seconds
Performance: 0.47333333333333333 percent of squares uncovered
Bomb Locations: [(2, 0), (1, 4), (1, 6), (2, 8), (2, 6), (1, 13), (0, 12), (1, 12), (0, 17), (2, 25), (2, 26), (5, 14), (3, 14), (4, 23), (5, 24), (3, 25), (4, 29), (8, 14), (8, 20), (6, 20), (8, 21), (8, 26), (6, 29), (11, 3), (10, 3), (10, 8), (11, 6), (10, 6), (10, 14), (11, 17), (10, 17), (9, 19), (10, 23), (11, 23), (9, 23), (9, 25), (9, 24), (11, 29), (14, 0), (12, 0), (14, 3), (13, 3), (13, 6), (13, 8), (13, 11), (12, 11), (14, 11), (16, 1), (17, 6), (16, 6), (15, 7), (16, 16), (15, 16), (16, 25), (16, 26), (15, 27), (18, 0), (18, 7), (19, 22), (18, 28)]
 
 
 
/Users/armaanlala/Developer/Minesweeper-Algorithms/varied_size_boards/20rows_25cols_10d_3.json
20 x 25 with 50 bombs
Grid Area: 500 squares
Bomb Density: 0.1 bombs/square
Runtime: 0.16 seconds
Performance: 0.484 percent of squares uncovered
Bomb Locations: [(0, 2), (2, 4), (1, 3), (1, 6), (0, 13), (2, 14), (2, 16), (1, 15), (1, 23), (2, 23), (5, 0), (5, 3), (3, 5), (3, 3), (4, 9), (4, 17), (4, 23), (5, 22), (8, 4), (6, 11), (7, 11), (8, 9), (8, 12), (7, 12), (6, 15), (9, 1), (11, 1), (10, 0), (11, 15), (10, 21), (13, 3), (14, 8), (12, 6), (14, 12), (13, 20), (13, 22), (12, 21), (12, 23), (15, 3), (17, 10), (17, 14), (16, 19), (17, 21), (16, 21), (19, 1), (19, 0), (19, 13), (19, 20), (18, 22), (4, 24)]
 
 
 
/Users/armaanlala/Developer/Minesweeper-Algorithms/varied_size_boards/20rows_30cols_10d_3.json
20 x 30 with 60 bombs
Grid Area: 600 squares
Bomb Density: 0.1 bombs/square
Runtime: 0.17 seconds
Performance: 0.47 percent of squares uncovered
Bomb Locations: [(1, 1), (2, 0), (2, 1), (2, 2), (1, 8), (2, 12), (2, 14), (0, 17), (1, 21), (1, 25), (0, 27), (4, 8), (3, 7), (3, 10), (4, 9), (5, 11), (4, 12), (3, 17), (3, 22), (3, 26), (4, 27), (6, 2), (8, 8), (8, 13), (7, 15), (6, 19), (7, 22), (6, 21), (7, 21), (6, 25), (7, 24), (6, 26), (9, 2), (9, 6), (9, 13), (9, 12), (11, 21), (9, 25), (12, 0), (13, 2), (13, 5), (12, 9), (14, 15), (13, 23), (12, 23), (13, 26), (17, 2), (15, 5), (15, 12), (15, 17), (16, 18), (15, 20), (16, 24), (15, 25), (15, 29), (18, 0), (18, 25), (18, 24), (19, 29), (18, 28)]
 
 
 
/Users/armaanlala/Developer/Minesweeper-Algorithms/varied_size_boards/25rows_40cols_10d_0.json
25 x 40 with 100 bombs
Grid Area: 1000 squares
Bomb Density: 0.1 bombs/square
Runtime: 0.33 seconds
Performance: 0.501 percent of squares uncovered
Bomb Locations: [(2, 0), (0, 1), (0, 3), (2, 3), (0, 12), (2, 15), (2, 21), (0, 26), (1, 30), (2, 32), (3, 5), (5, 4), (4, 6), (5, 11), (5, 13), (4, 18), (5, 19), (3, 23), (4, 25), (4, 24), (4, 27), (5, 27), (3, 31), (3, 37), (6, 5), (6, 6), (7, 11), (8, 14), (8, 18), (8, 25), (11, 5), (10, 11), (11, 13), (11, 16), (9, 20), (9, 22), (11, 23), (9, 27), (10, 31), (10, 32), (11, 38), (14, 4), (13, 3), (13, 11), (14, 12), (12, 14), (13, 18), (14, 19), (12, 25), (13, 26), (14, 29), (12, 31), (12, 34), (14, 38), (14, 37), (15, 0), (17, 5), (15, 3), (16, 13), (15, 14), (17, 12), (16, 20), (15, 18), (16, 21), (16, 23), (15, 21), (17, 24), (16, 34), (18, 4), (18, 6), (18, 8), (20, 9), (20, 13), (19, 15), (19, 26), (20, 29), (19, 29), (20, 35), (23, 2), (22, 5), (22, 8), (23, 6), (21, 8), (23, 9), (21, 10), (22, 11), (23, 11), (22, 16), (22, 23), (23, 23), (23, 29), (22, 32), (21, 35), (21, 37), (23, 37), (24, 5), (24, 19), (24, 32), (24, 34), (15, 39)]
 
 
 
/Users/armaanlala/Developer/Minesweeper-Algorithms/varied_size_boards/20rows_35cols_10d_4.json
20 x 35 with 70 bombs
Grid Area: 700 squares
Bomb Density: 0.1 bombs/square
Runtime: 0.18 seconds
Performance: 0.4514285714285714 percent of squares uncovered
Bomb Locations: [(2, 1), (2, 7), (0, 10), (2, 10), (2, 13), (1, 16), (1, 15), (0, 19), (2, 23), (1, 28), (0, 28), (5, 0), (5, 1), (5, 2), (5, 5), (5, 9), (5, 12), (3, 14), (5, 19), (5, 20), (4, 18), (3, 20), (4, 20), (5, 23), (5, 22), (3, 26), (4, 32), (4, 30), (5, 33), (3, 33), (8, 0), (6, 1), (7, 4), (6, 9), (6, 13), (7, 16), (8, 24), (7, 24), (6, 28), (8, 34), (11, 5), (10, 7), (11, 7), (11, 15), (10, 17), (10, 15), (10, 26), (10, 24), (9, 30), (9, 33), (13, 2), (13, 6), (13, 12), (14, 12), (12, 16), (12, 26), (16, 4), (16, 3), (17, 7), (17, 9), (17, 10), (15, 9), (17, 14), (16, 19), (17, 20), (17, 21), (15, 29), (16, 29), (19, 11), (18, 22)]
 
 
 
/Users/armaanlala/Developer/Minesweeper-Algorithms/varied_size_boards/20rows_20cols_10d_4.json
20 x 20 with 40 bombs
Grid Area: 400 squares
Bomb Density: 0.1 bombs/square
Runtime: 0.09 seconds
Performance: 0.4375 percent of squares uncovered
Bomb Locations: [(0, 0), (1, 0), (1, 4), (1, 5), (1, 7), (0, 7), (0, 16), (0, 17), (2, 17), (1, 19), (5, 7), (4, 14), (5, 12), (6, 3), (6, 8), (6, 6), (8, 11), (6, 10), (7, 19), (7, 18), (11, 16), (9, 15), (13, 1), (13, 0), (14, 4), (12, 13), (14, 14), (14, 15), (16, 4), (17, 5), (17, 10), (15, 14), (17, 13), (16, 16), (15, 18), (16, 18), (18, 2), (18, 5), (18, 9), (19, 14)]
 
 
 
/Users/armaanlala/Developer/Minesweeper-Algorithms/varied_size_boards/10rows_10cols_10d_0.json
10 x 10 with 10 bombs
Grid Area: 100 squares
Bomb Density: 0.1 bombs/square
Runtime: 0.04 seconds
Performance: 0.56 percent of squares uncovered
Bomb Locations: [(2, 2), (1, 7), (0, 7), (2, 7), (3, 1), (4, 3), (7, 1), (8, 5), (9, 1), (2, 9)]
 
 
 
/Users/armaanlala/Developer/Minesweeper-Algorithms/varied_size_boards/30rows_30cols_10d_4.json
30 x 30 with 90 bombs
Grid Area: 900 squares
Bomb Density: 0.1 bombs/square
Runtime: 0.27 seconds
Performance: 0.4822222222222222 percent of squares uncovered
Bomb Locations: [(0, 5), (0, 3), (1, 7), (0, 10), (2, 19), (1, 18), (0, 18), (0, 24), (1, 24), (0, 27), (0, 29), (1, 27), (3, 2), (4, 2), (5, 0), (3, 11), (5, 17), (3, 16), (5, 19), (5, 21), (4, 26), (5, 25), (7, 10), (8, 15), (7, 19), (6, 24), (8, 24), (6, 27), (6, 29), (11, 4), (10, 11), (11, 21), (10, 25), (11, 28), (11, 27), (9, 27), (10, 27), (13, 1), (14, 2), (13, 8), (13, 13), (13, 17), (13, 19), (13, 18), (12, 22), (14, 23), (13, 27), (15, 0), (16, 10), (17, 15), (17, 16), (17, 25), (16, 29), (20, 0), (20, 5), (18, 10), (19, 12), (19, 23), (19, 24), (20, 28), (19, 27), (21, 2), (21, 5), (23, 8), (22, 9), (21, 13), (21, 17), (23, 17), (26, 0), (25, 2), (24, 2), (24, 0), (26, 5), (26, 6), (25, 12), (25, 17), (26, 18), (26, 23), (26, 27), (28, 0), (28, 3), (28, 11), (29, 10), (28, 13), (27, 17), (29, 19), (29, 22), (28, 21), (28, 26), (28, 29)]
 
 
 
/Users/armaanlala/Developer/Minesweeper-Algorithms/varied_size_boards/20rows_30cols_10d_0.json
20 x 30 with 60 bombs
Grid Area: 600 squares
Bomb Density: 0.1 bombs/square
Runtime: 0.22 seconds
Performance: 0.5433333333333333 percent of squares uncovered
Bomb Locations: [(0, 2), (0, 3), (1, 8), (2, 8), (0, 7), (1, 6), (2, 18), (1, 23), (0, 25), (2, 24), (2, 29), (4, 0), (5, 0), (5, 7), (4, 6), (5, 14), (4, 15), (4, 19), (5, 29), (6, 1), (7, 3), (6, 6), (8, 7), (8, 9), (8, 18), (7, 20), (7, 22), (6, 23), (8, 23), (7, 24), (10, 0), (10, 2), (10, 5), (10, 17), (10, 23), (11, 21), (9, 25), (10, 26), (10, 28), (12, 2), (14, 10), (13, 15), (14, 15), (12, 25), (13, 28), (15, 2), (16, 2), (16, 6), (17, 9), (17, 10), (17, 14), (15, 14), (15, 19), (16, 26), (15, 28), (18, 3), (18, 4), (18, 9), (18, 25), (19, 28)]
 
 
 
/Users/armaanlala/Developer/Minesweeper-Algorithms/varied_size_boards/20rows_25cols_10d_0.json
20 x 25 with 50 bombs
Grid Area: 500 squares
Bomb Density: 0.1 bombs/square
Runtime: 0.15 seconds
Performance: 0.478 percent of squares uncovered
Bomb Locations: [(1, 2), (0, 5), (2, 23), (1, 23), (3, 0), (5, 7), (3, 20), (5, 18), (8, 2), (7, 2), (7, 4), (7, 5), (8, 5), (7, 6), (6, 11), (7, 11), (6, 13), (8, 12), (8, 14), (10, 2), (9, 3), (9, 8), (9, 9), (10, 14), (11, 12), (9, 15), (9, 20), (9, 21), (14, 1), (14, 5), (13, 3), (12, 5), (13, 6), (12, 11), (13, 11), (12, 16), (13, 20), (13, 21), (15, 1), (15, 5), (16, 10), (16, 14), (16, 17), (15, 22), (18, 9), (19, 15), (18, 18), (18, 23), (19, 24), (18, 24)]
 
 
 
/Users/armaanlala/Developer/Minesweeper-Algorithms/varied_size_boards/25rows_40cols_10d_3.json
25 x 40 with 100 bombs
Grid Area: 1000 squares
Bomb Density: 0.1 bombs/square
Runtime: 0.28 seconds
Performance: 0.472 percent of squares uncovered
Bomb Locations: [(2, 1), (0, 0), (1, 4), (2, 11), (1, 16), (1, 18), (2, 26), (1, 35), (2, 33), (3, 6), (5, 21), (3, 26), (3, 30), (5, 33), (4, 37), (3, 38), (4, 36), (8, 1), (8, 0), (6, 2), (8, 5), (7, 11), (8, 15), (6, 15), (8, 16), (7, 23), (8, 22), (6, 29), (6, 27), (8, 27), (8, 30), (7, 35), (6, 38), (9, 1), (11, 12), (11, 14), (9, 18), (10, 18), (11, 26), (9, 30), (9, 35), (9, 38), (11, 37), (14, 0), (13, 0), (13, 5), (13, 9), (13, 11), (14, 14), (13, 17), (12, 15), (12, 29), (13, 32), (12, 34), (12, 36), (16, 0), (15, 5), (17, 3), (15, 6), (16, 8), (16, 13), (15, 17), (17, 19), (17, 21), (16, 21), (16, 24), (16, 27), (16, 34), (15, 38), (17, 38), (15, 37), (20, 0), (18, 1), (20, 1), (20, 6), (20, 11), (19, 19), (18, 24), (20, 28), (19, 29), (19, 27), (19, 30), (18, 33), (20, 38), (18, 37), (21, 4), (23, 10), (21, 11), (21, 12), (21, 18), (21, 25), (21, 27), (23, 29), (21, 35), (24, 19), (24, 21), (24, 22), (24, 25), (3, 39), (18, 39)]
 
 
 
/Users/armaanlala/Developer/Minesweeper-Algorithms/varied_size_boards/15rows_20cols_10d_4.json
15 x 20 with 30 bombs
Grid Area: 300 squares
Bomb Density: 0.1 bombs/square
Runtime: 0.1 seconds
Performance: 0.49 percent of squares uncovered
Bomb Locations: [(2, 0), (0, 3), (0, 10), (0, 14), (2, 13), (0, 19), (4, 7), (3, 6), (3, 7), (5, 7), (4, 10), (3, 9), (4, 14), (3, 13), (6, 4), (7, 6), (7, 9), (7, 17), (11, 5), (11, 3), (11, 8), (11, 9), (10, 15), (14, 5), (14, 4), (12, 5), (12, 6), (13, 9), (13, 17), (13, 18)]
 
 
 
/Users/armaanlala/Developer/Minesweeper-Algorithms/varied_size_boards/10rows_10cols_10d_3.json
10 x 10 with 10 bombs
Grid Area: 100 squares
Bomb Density: 0.1 bombs/square
Runtime: 0.03 seconds
Performance: 0.46 percent of squares uncovered
Bomb Locations: [(1, 1), (0, 2), (1, 0), (1, 2), (0, 5), (0, 4), (1, 3), (0, 8), (3, 6), (7, 9)]
 
 
 
/Users/armaanlala/Developer/Minesweeper-Algorithms/varied_size_boards/10rows_10cols_10d_2.json
10 x 10 with 10 bombs
Grid Area: 100 squares
Bomb Density: 0.1 bombs/square
Runtime: 0.05 seconds
Performance: 0.56 percent of squares uncovered
Bomb Locations: [(1, 1), (2, 8), (5, 3), (3, 5), (4, 8), (6, 6), (8, 8), (9, 8), (0, 9), (6, 9)]
 
 
 
/Users/armaanlala/Developer/Minesweeper-Algorithms/varied_size_boards/25rows_40cols_10d_2.json
25 x 40 with 100 bombs
Grid Area: 1000 squares
Bomb Density: 0.1 bombs/square
Runtime: 0.28 seconds
Performance: 0.506 percent of squares uncovered
Bomb Locations: [(1, 1), (0, 1), (1, 9), (1, 13), (0, 13), (2, 22), (1, 29), (0, 31), (2, 35), (2, 38), (0, 37), (3, 1), (3, 5), (4, 10), (3, 10), (5, 15), (5, 20), (3, 21), (5, 26), (4, 24), (4, 28), (3, 27), (3, 37), (7, 5), (8, 13), (7, 19), (7, 18), (8, 19), (8, 20), (8, 21), (6, 24), (8, 35), (6, 35), (11, 1), (10, 0), (10, 4), (9, 6), (11, 6), (10, 10), (10, 13), (10, 12), (11, 15), (11, 16), (9, 17), (9, 20), (9, 35), (10, 37), (13, 1), (12, 1), (13, 0), (13, 4), (14, 13), (12, 15), (13, 23), (13, 24), (13, 29), (14, 29), (16, 5), (17, 3), (15, 8), (16, 8), (16, 11), (17, 11), (17, 19), (16, 25), (17, 27), (17, 31), (17, 35), (18, 2), (18, 0), (20, 2), (19, 3), (20, 4), (19, 6), (19, 10), (18, 9), (19, 12), (20, 17), (20, 25), (18, 25), (19, 28), (18, 35), (23, 3), (21, 8), (23, 8), (22, 9), (22, 14), (23, 16), (23, 19), (23, 21), (21, 29), (22, 33), (23, 35), (24, 2), (24, 10), (24, 14), (14, 39), (20, 39), (22, 39), (24, 39)]
 
 
 
/Users/armaanlala/Developer/Minesweeper-Algorithms/varied_size_boards/20rows_30cols_10d_1.json
20 x 30 with 60 bombs
Grid Area: 600 squares
Bomb Density: 0.1 bombs/square
Runtime: 0.16 seconds
Performance: 0.47 percent of squares uncovered
Bomb Locations: [(0, 3), (0, 11), (1, 12), (2, 19), (1, 24), (5, 1), (4, 6), (3, 11), (4, 14), (3, 17), (3, 19), (4, 25), (4, 28), (4, 27), (6, 6), (6, 21), (6, 23), (7, 21), (6, 25), (7, 26), (6, 24), (6, 29), (8, 27), (7, 27), (9, 2), (11, 0), (11, 5), (10, 8), (9, 10), (10, 9), (10, 17), (9, 15), (9, 19), (11, 22), (9, 25), (11, 28), (13, 1), (13, 3), (14, 8), (14, 10), (13, 9), (14, 15), (14, 23), (16, 0), (17, 4), (17, 8), (15, 11), (16, 13), (15, 12), (16, 14), (17, 17), (16, 25), (17, 25), (18, 5), (18, 9), (18, 15), (19, 19), (18, 22), (18, 29), (19, 27)]
 
 
 
/Users/armaanlala/Developer/Minesweeper-Algorithms/varied_size_boards/20rows_25cols_10d_1.json
20 x 25 with 50 bombs
Grid Area: 500 squares
Bomb Density: 0.1 bombs/square
Runtime: 0.17 seconds
Performance: 0.546 percent of squares uncovered
Bomb Locations: [(2, 16), (1, 19), (0, 21), (0, 23), (4, 3), (3, 10), (3, 14), (5, 17), (5, 18), (3, 19), (7, 1), (7, 4), (6, 3), (6, 5), (7, 3), (8, 9), (8, 11), (7, 14), (6, 20), (8, 18), (9, 2), (11, 5), (11, 7), (9, 6), (10, 14), (9, 20), (11, 23), (13, 1), (14, 3), (14, 4), (12, 4), (13, 7), (14, 8), (14, 14), (14, 12), (12, 13), (14, 16), (13, 22), (16, 1), (17, 3), (15, 5), (17, 7), (16, 16), (18, 1), (18, 7), (18, 9), (19, 13), (19, 14), (19, 22), (9, 24)]
 
 
 
/Users/armaanlala/Developer/Minesweeper-Algorithms/varied_size_boards/25rows_32cols_10d_4.json
25 x 32 with 80 bombs
Grid Area: 800 squares
Bomb Density: 0.1 bombs/square
Runtime: 0.26 seconds
Performance: 0.48125 percent of squares uncovered
Bomb Locations: [(0, 5), (1, 8), (0, 6), (1, 11), (1, 16), (0, 17), (1, 25), (0, 26), (4, 0), (5, 4), (5, 3), (5, 20), (3, 20), (4, 23), (3, 29), (6, 10), (7, 13), (6, 14), (8, 13), (7, 16), (6, 18), (11, 0), (11, 3), (10, 7), (9, 9), (11, 18), (10, 18), (10, 22), (9, 21), (10, 25), (11, 27), (9, 30), (11, 31), (9, 31), (13, 8), (12, 11), (14, 9), (14, 13), (14, 18), (13, 30), (17, 2), (15, 2), (17, 6), (16, 9), (17, 11), (17, 9), (16, 13), (15, 12), (15, 16), (15, 18), (17, 22), (15, 23), (15, 24), (15, 28), (15, 27), (17, 27), (16, 29), (16, 30), (15, 31), (20, 8), (18, 16), (20, 15), (19, 18), (19, 23), (22, 2), (23, 4), (22, 13), (22, 12), (22, 16), (22, 20), (23, 18), (21, 19), (23, 21), (22, 21), (21, 23), (21, 25), (23, 25), (24, 16), (24, 19), (24, 22)]
 
 
 
/Users/armaanlala/Developer/Minesweeper-Algorithms/varied_size_boards/10rows_20cols_10d_0.json
10 x 20 with 20 bombs
Grid Area: 200 squares
Bomb Density: 0.1 bombs/square
Runtime: 0.08 seconds
Performance: 0.57 percent of squares uncovered
Bomb Locations: [(2, 5), (1, 7), (0, 6), (0, 13), (0, 15), (2, 17), (3, 5), (5, 6), (4, 6), (3, 9), (3, 10), (3, 14), (4, 18), (7, 5), (8, 7), (6, 9), (7, 13), (9, 1), (9, 13), (9, 18)]
 
 
 
/Users/armaanlala/Developer/Minesweeper-Algorithms/varied_size_boards/15rows_20cols_10d_2.json
15 x 20 with 30 bombs
Grid Area: 300 squares
Bomb Density: 0.1 bombs/square
Runtime: 0.07 seconds
Performance: 0.43666666666666665 percent of squares uncovered
Bomb Locations: [(1, 1), (2, 10), (0, 12), (5, 7), (4, 10), (3, 9), (4, 11), (4, 13), (4, 16), (3, 16), (7, 3), (6, 8), (7, 6), (7, 9), (6, 12), (7, 14), (8, 16), (6, 18), (9, 0), (11, 11), (11, 10), (10, 15), (11, 16), (13, 7), (14, 7), (13, 9), (12, 9), (13, 16), (13, 15), (12, 18)]
 
 
 
/Users/armaanlala/Developer/Minesweeper-Algorithms/varied_size_boards/20rows_20cols_10d_1.json
20 x 20 with 40 bombs
Grid Area: 400 squares
Bomb Density: 0.1 bombs/square
Runtime: 0.12 seconds
Performance: 0.5375 percent of squares uncovered
Bomb Locations: [(1, 0), (0, 4), (0, 8), (1, 8), (1, 11), (0, 13), (1, 14), (5, 3), (5, 7), (5, 13), (7, 2), (8, 3), (8, 7), (7, 14), (7, 17), (11, 5), (11, 4), (9, 6), (11, 6), (9, 13), (9, 14), (10, 15), (9, 17), (14, 4), (14, 6), (12, 11), (14, 14), (14, 13), (16, 1), (16, 2), (17, 5), (16, 7), (17, 13), (16, 12), (15, 12), (15, 16), (18, 2), (19, 9), (19, 13), (19, 18)]
 
 
 
/Users/armaanlala/Developer/Minesweeper-Algorithms/varied_size_boards/20rows_35cols_10d_1.json
20 x 35 with 70 bombs
Grid Area: 700 squares
Bomb Density: 0.1 bombs/square
Runtime: 0.2 seconds
Performance: 0.5228571428571429 percent of squares uncovered
Bomb Locations: [(2, 1), (2, 0), (0, 2), (1, 4), (1, 11), (1, 14), (0, 14), (2, 16), (2, 18), (0, 19), (0, 23), (1, 25), (3, 1), (3, 0), (5, 1), (4, 4), (3, 7), (5, 7), (4, 11), (5, 14), (5, 16), (4, 19), (4, 18), (3, 21), (5, 22), (4, 26), (6, 7), (6, 14), (6, 18), (6, 19), (8, 26), (7, 26), (8, 31), (10, 1), (9, 3), (10, 6), (10, 10), (10, 12), (9, 13), (10, 16), (10, 20), (9, 22), (10, 23), (11, 31), (12, 1), (13, 5), (13, 3), (13, 13), (14, 13), (12, 16), (14, 24), (14, 31), (13, 34), (17, 2), (17, 5), (15, 6), (17, 9), (16, 13), (16, 12), (17, 12), (15, 17), (16, 18), (16, 21), (15, 21), (16, 27), (17, 30), (18, 5), (19, 5), (19, 18), (19, 30)]
 
 
 
/Users/armaanlala/Developer/Minesweeper-Algorithms/varied_size_boards/25rows_32cols_10d_3.json
25 x 32 with 80 bombs
Grid Area: 800 squares
Bomb Density: 0.1 bombs/square
Runtime: 0.23 seconds
Performance: 0.48 percent of squares uncovered
Bomb Locations: [(1, 4), (2, 7), (2, 9), (2, 10), (0, 10), (2, 13), (2, 15), (1, 21), (0, 24), (3, 2), (4, 0), (5, 5), (5, 4), (4, 20), (5, 19), (5, 21), (3, 23), (4, 26), (5, 29), (8, 1), (8, 5), (7, 8), (8, 11), (8, 24), (6, 27), (11, 1), (9, 10), (11, 10), (11, 11), (11, 12), (10, 15), (9, 15), (10, 19), (9, 20), (10, 25), (11, 29), (9, 29), (10, 31), (12, 1), (14, 2), (12, 5), (12, 10), (12, 14), (14, 16), (12, 17), (13, 22), (12, 22), (13, 24), (14, 27), (13, 27), (14, 31), (16, 8), (17, 6), (17, 12), (16, 17), (17, 24), (16, 24), (16, 29), (16, 27), (15, 30), (20, 1), (18, 2), (18, 5), (18, 3), (18, 23), (19, 26), (20, 24), (19, 27), (19, 31), (21, 1), (23, 2), (23, 6), (21, 9), (22, 17), (23, 23), (21, 28), (24, 11), (24, 15), (24, 25), (24, 27)]
 
 
 
/Users/armaanlala/Developer/Minesweeper-Algorithms/varied_size_boards/30rows_30cols_10d_1.json
30 x 30 with 90 bombs
Grid Area: 900 squares
Bomb Density: 0.1 bombs/square
Runtime: 0.28 seconds
Performance: 0.5311111111111111 percent of squares uncovered
Bomb Locations: [(1, 1), (2, 2), (0, 7), (2, 9), (1, 15), (1, 18), (1, 22), (0, 22), (1, 29), (4, 6), (4, 16), (4, 15), (4, 18), (3, 18), (5, 19), (4, 22), (3, 24), (5, 28), (7, 1), (7, 3), (7, 6), (6, 10), (6, 17), (7, 17), (6, 19), (6, 22), (7, 21), (7, 24), (8, 27), (11, 8), (10, 8), (9, 11), (11, 10), (11, 12), (11, 18), (9, 28), (12, 1), (13, 0), (13, 3), (14, 3), (13, 6), (14, 13), (12, 14), (13, 14), (14, 16), (14, 18), (13, 21), (12, 21), (14, 27), (15, 1), (15, 17), (15, 20), (15, 18), (16, 22), (15, 22), (17, 22), (16, 25), (18, 3), (19, 6), (18, 11), (19, 15), (18, 27), (21, 4), (23, 3), (21, 11), (22, 9), (23, 14), (22, 20), (21, 24), (22, 28), (22, 27), (24, 2), (25, 3), (24, 4), (24, 6), (25, 6), (26, 11), (25, 13), (25, 16), (24, 18), (25, 22), (26, 28), (29, 8), (29, 7), (28, 13), (29, 13), (28, 16), (27, 23), (27, 25), (28, 29)]
 
 
 
/Users/armaanlala/Developer/Minesweeper-Algorithms/varied_size_boards/30rows_30cols_10d_0.json
30 x 30 with 90 bombs
Grid Area: 900 squares
Bomb Density: 0.1 bombs/square
Runtime: 0.24 seconds
Performance: 0.4811111111111111 percent of squares uncovered
Bomb Locations: [(0, 2), (0, 5), (1, 7), (0, 11), (1, 19), (2, 18), (1, 24), (4, 6), (5, 8), (5, 11), (3, 11), (5, 14), (3, 13), (3, 21), (5, 26), (5, 27), (3, 29), (7, 3), (7, 11), (7, 16), (6, 19), (8, 21), (6, 25), (11, 0), (11, 7), (10, 11), (9, 14), (10, 17), (10, 15), (10, 20), (11, 19), (10, 22), (9, 21), (11, 24), (14, 3), (14, 13), (14, 12), (13, 16), (13, 20), (12, 23), (14, 22), (14, 21), (14, 26), (13, 28), (12, 27), (12, 29), (14, 27), (15, 4), (17, 5), (16, 6), (15, 10), (17, 10), (15, 12), (17, 20), (15, 26), (16, 24), (20, 2), (18, 1), (18, 7), (19, 6), (19, 8), (19, 13), (18, 12), (20, 15), (19, 18), (20, 23), (18, 27), (22, 11), (23, 15), (22, 21), (23, 29), (25, 3), (24, 7), (24, 10), (25, 17), (24, 18), (26, 21), (25, 26), (26, 29), (24, 28), (27, 5), (28, 6), (28, 9), (29, 13), (27, 17), (27, 16), (29, 19), (28, 22), (28, 23), (28, 24)]
 
 
 
/Users/armaanlala/Developer/Minesweeper-Algorithms/varied_size_boards/25rows_32cols_10d_2.json
25 x 32 with 80 bombs
Grid Area: 800 squares
Bomb Density: 0.1 bombs/square
Runtime: 0.23 seconds
Performance: 0.47625 percent of squares uncovered
Bomb Locations: [(0, 2), (1, 3), (0, 6), (2, 10), (1, 13), (0, 14), (1, 14), (0, 15), (1, 15), (1, 19), (4, 1), (3, 1), (3, 16), (5, 27), (7, 11), (8, 9), (6, 10), (8, 14), (7, 16), (6, 15), (6, 24), (7, 29), (6, 30), (9, 2), (10, 4), (9, 7), (10, 9), (11, 13), (10, 12), (11, 17), (10, 17), (11, 19), (10, 27), (10, 29), (9, 29), (10, 31), (11, 30), (13, 7), (12, 7), (13, 6), (13, 16), (12, 17), (13, 15), (14, 17), (14, 20), (13, 21), (14, 25), (13, 28), (15, 2), (17, 3), (16, 7), (17, 11), (16, 9), (15, 16), (17, 15), (15, 17), (16, 28), (15, 29), (18, 1), (19, 20), (19, 23), (19, 27), (19, 29), (20, 31), (22, 2), (21, 2), (21, 5), (21, 6), (21, 9), (21, 10), (21, 20), (22, 22), (21, 23), (22, 25), (21, 24), (22, 27), (23, 29), (24, 0), (24, 8), (24, 29)]
 
 
 
/Users/armaanlala/Developer/Minesweeper-Algorithms/varied_size_boards/10rows_10cols_10d_4.json
10 x 10 with 10 bombs
Grid Area: 100 squares
Bomb Density: 0.1 bombs/square
Runtime: 0.07 seconds
Performance: 0.76 percent of squares uncovered
Bomb Locations: [(0, 2), (0, 5), (1, 7), (4, 4), (3, 8), (7, 1), (6, 2), (7, 5), (6, 8), (4, 9)]
 
 
 
/Users/armaanlala/Developer/Minesweeper-Algorithms/varied_size_boards/20rows_20cols_10d_0.json
20 x 20 with 40 bombs
Grid Area: 400 squares
Bomb Density: 0.1 bombs/square
Runtime: 0.1 seconds
Performance: 0.455 percent of squares uncovered
Bomb Locations: [(1, 1), (1, 6), (0, 16), (1, 18), (3, 0), (4, 3), (4, 10), (5, 9), (4, 13), (3, 12), (3, 14), (4, 12), (5, 15), (3, 17), (4, 15), (5, 19), (7, 2), (7, 4), (6, 3), (7, 8), (6, 6), (6, 10), (8, 10), (7, 13), (6, 12), (7, 14), (8, 16), (11, 6), (9, 10), (11, 17), (10, 18), (14, 8), (14, 10), (13, 14), (13, 15), (15, 11), (16, 18), (19, 2), (19, 4), (19, 3)]
 
 
 
/Users/armaanlala/Developer/Minesweeper-Algorithms/varied_size_boards/20rows_35cols_10d_0.json
20 x 35 with 70 bombs
Grid Area: 700 squares
Bomb Density: 0.1 bombs/square
Runtime: 0.19 seconds
Performance: 0.5014285714285714 percent of squares uncovered
Bomb Locations: [(2, 1), (0, 6), (2, 6), (2, 12), (0, 12), (2, 18), (0, 23), (2, 28), (2, 30), (4, 4), (5, 5), (4, 7), (5, 11), (4, 12), (3, 14), (5, 18), (5, 20), (5, 21), (3, 22), (5, 24), (4, 26), (4, 28), (3, 29), (5, 32), (3, 31), (4, 32), (7, 1), (7, 8), (7, 11), (6, 9), (6, 10), (8, 24), (7, 30), (9, 2), (10, 2), (11, 0), (10, 4), (11, 3), (11, 5), (11, 9), (11, 11), (9, 12), (11, 14), (11, 17), (11, 32), (14, 12), (13, 20), (12, 23), (12, 26), (12, 34), (17, 2), (16, 3), (16, 7), (17, 11), (16, 13), (16, 12), (15, 15), (15, 17), (15, 18), (17, 20), (16, 22), (15, 26), (17, 25), (15, 28), (15, 34), (19, 6), (18, 9), (18, 15), (19, 20), (19, 24)]
 
 
 
/Users/armaanlala/Developer/Minesweeper-Algorithms/varied_size_boards/15rows_20cols_10d_3.json
15 x 20 with 30 bombs
Grid Area: 300 squares
Bomb Density: 0.1 bombs/square
Runtime: 0.08 seconds
Performance: 0.4633333333333333 percent of squares uncovered
Bomb Locations: [(0, 1), (1, 0), (0, 5), (0, 6), (0, 12), (0, 15), (3, 1), (3, 15), (4, 15), (7, 5), (8, 8), (6, 7), (8, 16), (8, 17), (8, 15), (7, 17), (6, 15), (10, 2), (10, 4), (9, 3), (9, 8), (10, 14), (9, 17), (9, 18), (11, 19), (13, 4), (14, 13), (14, 17), (12, 17), (14, 18)]
 
 
 
/Users/armaanlala/Developer/Minesweeper-Algorithms/varied_size_boards/25rows_40cols_10d_4.json
25 x 40 with 100 bombs
Grid Area: 1000 squares
Bomb Density: 0.1 bombs/square
Runtime: 0.31 seconds
Performance: 0.541 percent of squares uncovered
Bomb Locations: [(1, 0), (2, 10), (1, 16), (1, 22), (2, 25), (1, 26), (2, 29), (0, 30), (0, 32), (1, 33), (0, 37), (1, 36), (0, 36), (4, 1), (5, 6), (4, 16), (4, 17), (4, 18), (5, 22), (5, 26), (5, 31), (5, 34), (4, 33), (7, 1), (8, 2), (6, 14), (8, 15), (7, 19), (8, 20), (7, 21), (6, 28), (8, 31), (8, 35), (10, 2), (10, 3), (9, 8), (11, 10), (11, 12), (11, 13), (11, 17), (10, 19), (11, 23), (11, 26), (11, 34), (10, 33), (10, 36), (14, 2), (14, 4), (12, 3), (13, 10), (12, 10), (12, 12), (14, 13), (13, 14), (14, 16), (13, 20), (12, 21), (12, 23), (14, 32), (13, 34), (14, 34), (15, 2), (15, 3), (16, 8), (15, 8), (17, 14), (15, 14), (17, 19), (15, 18), (17, 26), (16, 24), (16, 30), (19, 13), (19, 17), (18, 17), (18, 30), (19, 34), (20, 37), (23, 1), (23, 2), (22, 10), (21, 10), (22, 14), (23, 12), (23, 15), (23, 17), (22, 20), (23, 23), (23, 24), (22, 29), (23, 32), (21, 35), (21, 38), (24, 24), (24, 26), (24, 37), (1, 39), (10, 39), (15, 39), (24, 39)]
 
 
 
/Users/armaanlala/Developer/Minesweeper-Algorithms/varied_size_boards/10rows_20cols_10d_1.json
10 x 20 with 20 bombs
Grid Area: 200 squares
Bomb Density: 0.1 bombs/square
Runtime: 0.07 seconds
Performance: 0.5 percent of squares uncovered
Bomb Locations: [(0, 7), (0, 8), (2, 8), (1, 6), (0, 9), (1, 11), (2, 16), (2, 18), (3, 1), (5, 0), (4, 4), (4, 14), (5, 12), (5, 15), (6, 1), (6, 4), (8, 12), (6, 14), (6, 17), (8, 16)]
 
 
 
/Users/armaanlala/Developer/Minesweeper-Algorithms/varied_density_boards/20x_20y_18d_1.json
20 x 20 with 72 bombs
Grid Area: 400 squares
Bomb Density: 0.18 bombs/square
Runtime: 0.12 seconds
Performance: 0.6425 percent of squares uncovered
Bomb Locations: [(2, 1), (1, 3), (2, 7), (0, 6), (1, 8), (0, 9), (0, 10), (1, 13), (2, 12), (2, 14), (1, 16), (0, 16), (0, 17), (1, 15), (2, 15), (0, 19), (4, 1), (4, 6), (3, 7), (4, 10), (3, 9), (3, 10), (5, 10), (4, 12), (5, 13), (3, 17), (3, 15), (8, 5), (8, 14), (8, 17), (6, 15), (8, 19), (7, 18), (10, 1), (9, 1), (10, 4), (10, 3), (11, 5), (9, 6), (11, 7), (11, 6), (9, 7), (9, 16), (11, 17), (10, 19), (11, 19), (13, 0), (14, 2), (14, 6), (12, 11), (14, 10), (14, 18), (16, 4), (15, 5), (16, 5), (17, 5), (16, 7), (16, 9), (15, 12), (17, 13), (17, 12), (16, 12), (17, 14), (16, 16), (16, 17), (17, 15), (16, 18), (19, 1), (19, 0), (18, 8), (18, 11), (19, 16)]
 
 
 
/Users/armaanlala/Developer/Minesweeper-Algorithms/varied_density_boards/20x_20y_08d_1.json
20 x 20 with 32 bombs
Grid Area: 400 squares
Bomb Density: 0.08 bombs/square
Runtime: 0.09 seconds
Performance: 0.4 percent of squares uncovered
Bomb Locations: [(2, 7), (0, 16), (5, 15), (3, 15), (4, 18), (6, 1), (7, 7), (11, 1), (10, 2), (10, 3), (9, 4), (10, 7), (9, 6), (10, 13), (9, 12), (11, 12), (10, 18), (9, 19), (12, 5), (14, 3), (13, 9), (13, 14), (12, 19), (16, 2), (16, 4), (15, 10), (17, 11), (15, 18), (15, 19), (18, 6), (18, 9), (19, 17)]
 
 
 
/Users/armaanlala/Developer/Minesweeper-Algorithms/varied_density_boards/20x_20y_04d_2.json
20 x 20 with 16 bombs
Grid Area: 400 squares
Bomb Density: 0.04 bombs/square
Runtime: 0.08 seconds
Performance: 0.31 percent of squares uncovered
Bomb Locations: [(1, 17), (3, 0), (6, 1), (8, 18), (11, 1), (11, 8), (10, 12), (9, 16), (14, 1), (12, 6), (12, 17), (15, 5), (15, 9), (15, 10), (15, 17), (18, 1)]
 
 
 
/Users/armaanlala/Developer/Minesweeper-Algorithms/varied_density_boards/20x_20y_14d_2.json
20 x 20 with 56 bombs
Grid Area: 400 squares
Bomb Density: 0.14 bombs/square
Runtime: 0.12 seconds
Performance: 0.595 percent of squares uncovered
Bomb Locations: [(1, 2), (2, 1), (0, 3), (2, 7), (0, 10), (1, 17), (4, 0), (3, 5), (5, 3), (4, 6), (5, 11), (5, 9), (4, 19), (5, 19), (6, 1), (8, 3), (8, 15), (7, 15), (6, 17), (7, 18), (10, 1), (10, 0), (10, 4), (10, 3), (10, 6), (11, 8), (11, 6), (10, 12), (13, 1), (12, 3), (12, 7), (13, 10), (12, 10), (13, 11), (12, 14), (15, 0), (16, 4), (15, 5), (17, 6), (17, 7), (17, 9), (17, 14), (15, 14), (16, 17), (17, 16), (16, 19), (17, 18), (17, 19), (19, 0), (18, 2), (18, 0), (19, 9), (18, 9), (19, 13), (19, 14), (19, 15)]
 
 
 
/Users/armaanlala/Developer/Minesweeper-Algorithms/varied_density_boards/20x_20y_10d_0.json
20 x 20 with 40 bombs
Grid Area: 400 squares
Bomb Density: 0.1 bombs/square
Runtime: 0.11 seconds
Performance: 0.44 percent of squares uncovered
Bomb Locations: [(2, 1), (2, 3), (1, 3), (0, 7), (2, 11), (2, 19), (0, 18), (5, 1), (4, 0), (5, 4), (5, 6), (5, 7), (4, 6), (3, 9), (3, 13), (4, 16), (4, 15), (4, 17), (3, 18), (6, 8), (8, 8), (6, 10), (8, 14), (6, 19), (8, 18), (10, 1), (9, 3), (12, 7), (12, 10), (14, 18), (14, 19), (17, 2), (17, 0), (16, 3), (17, 14), (17, 17), (15, 18), (19, 3), (18, 9), (19, 12)]
 
 
 
/Users/armaanlala/Developer/Minesweeper-Algorithms/varied_density_boards/20x_20y_10d_1.json
20 x 20 with 40 bombs
Grid Area: 400 squares
Bomb Density: 0.1 bombs/square
Runtime: 0.1 seconds
Performance: 0.4625 percent of squares uncovered
Bomb Locations: [(2, 0), (0, 7), (0, 15), (3, 6), (5, 7), (8, 0), (7, 2), (8, 2), (8, 4), (7, 7), (7, 8), (7, 10), (7, 9), (7, 11), (8, 18), (10, 7), (9, 8), (10, 16), (9, 17), (14, 1), (13, 13), (13, 12), (14, 12), (13, 16), (13, 17), (15, 2), (17, 5), (15, 3), (17, 6), (17, 13), (15, 12), (16, 17), (17, 15), (15, 17), (17, 19), (19, 5), (19, 11), (19, 13), (18, 17), (19, 15)]
 
 
 
/Users/armaanlala/Developer/Minesweeper-Algorithms/varied_density_boards/20x_20y_04d_3.json
20 x 20 with 16 bombs
Grid Area: 400 squares
Bomb Density: 0.04 bombs/square
Runtime: 0.07 seconds
Performance: 0.275 percent of squares uncovered
Bomb Locations: [(5, 14), (7, 4), (6, 10), (10, 0), (10, 5), (10, 3), (9, 12), (10, 17), (14, 4), (13, 9), (12, 17), (16, 5), (16, 14), (15, 16), (19, 1), (19, 11)]
 
 
 
/Users/armaanlala/Developer/Minesweeper-Algorithms/varied_density_boards/20x_20y_14d_3.json
20 x 20 with 56 bombs
Grid Area: 400 squares
Bomb Density: 0.14 bombs/square
Runtime: 0.14 seconds
Performance: 0.6075 percent of squares uncovered
Bomb Locations: [(10, 11), (1, 2), (2, 3), (0, 4), (0, 3), (2, 8), (2, 10), (0, 13), (2, 16), (2, 15), (0, 19), (1, 18), (5, 2), (5, 6), (3, 8), (4, 12), (5, 13), (5, 17), (4, 17), (3, 19), (8, 2), (7, 4), (6, 4), (8, 5), (6, 8), (7, 10), (6, 14), (6, 18), (11, 4), (9, 8), (11, 9), (10, 9), (11, 11), (11, 14), (10, 17), (10, 19), (14, 2), (14, 1), (12, 4), (13, 7), (13, 6), (12, 9), (14, 14), (14, 17), (16, 3), (16, 8), (16, 16), (15, 16), (17, 17), (17, 18), (19, 5), (18, 7), (19, 11), (19, 14), (19, 15), (18, 19)]
 
 
 
/Users/armaanlala/Developer/Minesweeper-Algorithms/varied_density_boards/20x_20y_06d_4.json
20 x 20 with 24 bombs
Grid Area: 400 squares
Bomb Density: 0.06 bombs/square
Runtime: 0.08 seconds
Performance: 0.3325 percent of squares uncovered
Bomb Locations: [(2, 1), (2, 4), (2, 10), (0, 14), (5, 8), (4, 11), (5, 15), (3, 19), (7, 7), (7, 17), (10, 14), (9, 16), (14, 3), (14, 6), (12, 7), (13, 6), (15, 0), (15, 7), (16, 6), (15, 16), (19, 0), (18, 6), (19, 9), (18, 17)]
 
 
 
/Users/armaanlala/Developer/Minesweeper-Algorithms/varied_density_boards/20x_20y_16d_4.json
20 x 20 with 64 bombs
Grid Area: 400 squares
Bomb Density: 0.16 bombs/square
Runtime: 0.14 seconds
Performance: 0.66 percent of squares uncovered
Bomb Locations: [(0, 2), (0, 8), (2, 8), (1, 13), (5, 0), (5, 8), (3, 6), (5, 11), (4, 9), (5, 13), (5, 15), (5, 17), (5, 18), (8, 2), (6, 5), (7, 7), (8, 7), (6, 9), (7, 14), (7, 12), (7, 16), (8, 18), (9, 2), (9, 3), (9, 6), (11, 7), (11, 8), (9, 9), (9, 14), (11, 18), (12, 0), (14, 5), (14, 4), (13, 7), (12, 6), (14, 8), (13, 10), (13, 11), (14, 11), (12, 12), (12, 17), (13, 19), (12, 18), (16, 2), (15, 0), (16, 0), (16, 5), (17, 7), (15, 14), (15, 12), (16, 17), (17, 16), (15, 16), (15, 15), (17, 18), (18, 1), (18, 4), (19, 7), (18, 6), (18, 8), (18, 13), (19, 14), (18, 16), (18, 18)]
 
 
 
/Users/armaanlala/Developer/Minesweeper-Algorithms/varied_density_boards/20x_20y_20d_4.json
20 x 20 with 80 bombs
Grid Area: 400 squares
Bomb Density: 0.2 bombs/square
Runtime: 0.14 seconds
Performance: 0.6925 percent of squares uncovered
Bomb Locations: [(1, 1), (2, 0), (0, 9), (1, 13), (0, 13), (0, 14), (2, 17), (4, 1), (3, 1), (5, 0), (4, 5), (5, 4), (3, 4), (3, 7), (5, 11), (5, 14), (3, 14), (3, 17), (3, 18), (4, 18), (3, 19), (5, 18), (7, 2), (8, 0), (7, 4), (7, 5), (8, 4), (7, 7), (8, 8), (6, 9), (6, 13), (7, 17), (8, 15), (7, 19), (7, 18), (10, 1), (9, 2), (10, 0), (11, 0), (11, 2), (10, 4), (10, 3), (9, 7), (9, 6), (10, 6), (11, 8), (9, 8), (10, 9), (9, 13), (11, 12), (9, 18), (13, 2), (14, 4), (14, 3), (13, 6), (12, 6), (12, 9), (14, 11), (14, 13), (14, 14), (12, 14), (12, 16), (12, 18), (16, 1), (15, 2), (16, 0), (17, 0), (17, 3), (17, 6), (16, 11), (16, 13), (17, 16), (19, 2), (18, 3), (18, 11), (19, 11), (18, 12), (19, 16), (18, 17), (19, 19)]
 
 
 
/Users/armaanlala/Developer/Minesweeper-Algorithms/varied_density_boards/20x_20y_18d_0.json
20 x 20 with 72 bombs
Grid Area: 400 squares
Bomb Density: 0.18 bombs/square
Runtime: 0.13 seconds
Performance: 0.6625 percent of squares uncovered
Bomb Locations: [(1, 1), (2, 0), (0, 3), (0, 4), (1, 6), (1, 11), (1, 13), (2, 14), (0, 15), (2, 15), (2, 17), (1, 19), (2, 18), (5, 2), (3, 5), (5, 3), (3, 14), (3, 12), (5, 14), (4, 16), (5, 16), (3, 18), (6, 4), (8, 5), (8, 6), (6, 8), (8, 9), (6, 9), (6, 13), (7, 14), (6, 15), (8, 16), (6, 16), (7, 18), (10, 7), (11, 7), (10, 10), (11, 15), (9, 16), (10, 17), (9, 15), (9, 19), (13, 0), (12, 2), (14, 5), (13, 10), (13, 11), (13, 13), (12, 14), (14, 12), (14, 14), (12, 16), (14, 15), (12, 15), (17, 2), (15, 2), (17, 3), (16, 6), (16, 10), (16, 9), (17, 14), (17, 12), (15, 12), (16, 16), (15, 16), (16, 15), (17, 16), (19, 3), (19, 7), (19, 13), (18, 15), (18, 16)]
 
 
 
/Users/armaanlala/Developer/Minesweeper-Algorithms/varied_density_boards/20x_20y_08d_0.json
20 x 20 with 32 bombs
Grid Area: 400 squares
Bomb Density: 0.08 bombs/square
Runtime: 0.1 seconds
Performance: 0.49 percent of squares uncovered
Bomb Locations: [(0, 5), (0, 8), (0, 9), (1, 13), (0, 16), (1, 17), (3, 0), (4, 16), (7, 1), (6, 2), (8, 6), (8, 14), (11, 1), (11, 3), (10, 7), (11, 7), (9, 10), (10, 13), (11, 12), (9, 15), (14, 0), (13, 0), (14, 3), (12, 8), (13, 17), (16, 4), (15, 11), (15, 12), (17, 16), (19, 13), (19, 19), (18, 18)]
 
 
 
/Users/armaanlala/Developer/Minesweeper-Algorithms/varied_density_boards/20x_20y_16d_3.json
20 x 20 with 64 bombs
Grid Area: 400 squares
Bomb Density: 0.16 bombs/square
Runtime: 0.13 seconds
Performance: 0.59 percent of squares uncovered
Bomb Locations: [(0, 3), (2, 3), (2, 6), (0, 6), (0, 9), (2, 11), (1, 17), (4, 0), (3, 4), (5, 3), (3, 6), (5, 7), (5, 9), (4, 9), (5, 14), (3, 12), (4, 16), (3, 17), (4, 17), (5, 16), (4, 19), (6, 1), (8, 2), (6, 0), (7, 6), (7, 10), (8, 10), (6, 14), (7, 14), (6, 17), (10, 2), (11, 3), (9, 3), (10, 5), (11, 5), (10, 6), (9, 7), (11, 11), (9, 14), (10, 12), (9, 16), (11, 17), (14, 1), (13, 3), (12, 4), (12, 5), (12, 17), (12, 19), (14, 18), (16, 0), (15, 2), (17, 10), (15, 11), (17, 11), (16, 12), (15, 12), (16, 19), (15, 19), (19, 4), (18, 3), (19, 9), (18, 17), (19, 19), (18, 19)]
 
 
 
/Users/armaanlala/Developer/Minesweeper-Algorithms/varied_density_boards/20x_20y_06d_3.json
20 x 20 with 24 bombs
Grid Area: 400 squares
Bomb Density: 0.06 bombs/square
Runtime: 0.08 seconds
Performance: 0.345 percent of squares uncovered
Bomb Locations: [(4, 1), (8, 4), (8, 7), (6, 9), (7, 9), (8, 12), (6, 18), (11, 3), (11, 10), (10, 13), (9, 17), (14, 8), (17, 2), (16, 2), (15, 4), (15, 3), (15, 15), (15, 17), (18, 5), (18, 3), (18, 16), (18, 17), (19, 19), (18, 18)]
 
 
 
/Users/armaanlala/Developer/Minesweeper-Algorithms/varied_density_boards/20x_20y_02d_1.json
20 x 20 with 8 bombs
Grid Area: 400 squares
Bomb Density: 0.02 bombs/square
Runtime: 0.05 seconds
Performance: 0.21 percent of squares uncovered
Bomb Locations: [(1, 10), (4, 2), (3, 6), (6, 9), (12, 1), (12, 14), (16, 11), (18, 14)]
 
 
 
/Users/armaanlala/Developer/Minesweeper-Algorithms/varied_density_boards/20x_20y_12d_1.json
20 x 20 with 48 bombs
Grid Area: 400 squares
Bomb Density: 0.12 bombs/square
Runtime: 0.13 seconds
Performance: 0.585 percent of squares uncovered
Bomb Locations: [(1, 0), (1, 4), (2, 5), (0, 8), (2, 9), (0, 13), (2, 13), (1, 16), (0, 17), (2, 17), (4, 10), (5, 12), (5, 16), (4, 18), (6, 0), (8, 10), (6, 12), (6, 14), (8, 15), (6, 16), (9, 8), (10, 8), (10, 10), (9, 11), (11, 13), (11, 17), (9, 19), (13, 4), (12, 7), (13, 10), (13, 14), (14, 12), (14, 16), (17, 3), (15, 7), (17, 6), (17, 13), (15, 15), (15, 17), (17, 18), (17, 19), (19, 2), (18, 5), (19, 3), (19, 11), (18, 14), (19, 16), (19, 15)]
 
 
 
/Users/armaanlala/Developer/Minesweeper-Algorithms/varied_density_boards/20x_20y_14d_4.json
20 x 20 with 56 bombs
Grid Area: 400 squares
Bomb Density: 0.14 bombs/square
Runtime: 0.13 seconds
Performance: 0.555 percent of squares uncovered
Bomb Locations: [(1, 2), (0, 0), (1, 0), (0, 8), (2, 9), (1, 12), (3, 0), (5, 2), (3, 2), (5, 3), (3, 7), (4, 11), (5, 9), (4, 16), (3, 15), (5, 16), (6, 1), (7, 5), (6, 4), (6, 5), (6, 11), (8, 10), (8, 14), (10, 0), (9, 0), (10, 3), (10, 5), (11, 8), (9, 7), (11, 12), (9, 16), (9, 17), (11, 19), (14, 1), (14, 11), (14, 19), (15, 3), (17, 6), (15, 6), (17, 10), (16, 11), (16, 14), (15, 15), (17, 16), (19, 1), (19, 4), (18, 3), (18, 4), (18, 5), (18, 9), (18, 10), (19, 17), (18, 16), (19, 15), (18, 18), (18, 19)]
 
 
 
/Users/armaanlala/Developer/Minesweeper-Algorithms/varied_density_boards/20x_20y_04d_4.json
20 x 20 with 16 bombs
Grid Area: 400 squares
Bomb Density: 0.04 bombs/square
Runtime: 0.06 seconds
Performance: 0.3 percent of squares uncovered
Bomb Locations: [(1, 10), (2, 11), (2, 15), (4, 5), (3, 11), (3, 14), (5, 17), (7, 7), (8, 8), (6, 14), (9, 0), (10, 4), (12, 12), (17, 10), (19, 2), (19, 11)]
 
 
 
/Users/armaanlala/Developer/Minesweeper-Algorithms/varied_density_boards/20x_20y_20d_3.json
20 x 20 with 80 bombs
Grid Area: 400 squares
Bomb Density: 0.2 bombs/square
Runtime: 0.15 seconds
Performance: 0.7125 percent of squares uncovered
Bomb Locations: [(1, 5), (2, 10), (1, 12), (0, 17), (0, 16), (1, 19), (0, 19), (4, 0), (4, 4), (3, 4), (5, 10), (3, 11), (4, 14), (3, 13), (5, 13), (3, 16), (4, 17), (7, 2), (8, 1), (8, 3), (7, 3), (6, 7), (6, 11), (8, 10), (7, 9), (8, 13), (7, 18), (8, 19), (8, 18), (10, 2), (9, 1), (9, 2), (11, 0), (10, 4), (10, 5), (10, 8), (11, 11), (9, 9), (10, 13), (11, 15), (10, 18), (14, 2), (13, 5), (12, 3), (12, 5), (12, 7), (13, 6), (13, 10), (12, 11), (14, 13), (13, 12), (14, 14), (12, 14), (13, 16), (14, 15), (13, 19), (15, 0), (16, 2), (17, 5), (15, 4), (15, 6), (17, 9), (15, 10), (15, 11), (15, 14), (16, 14), (16, 17), (17, 16), (19, 1), (18, 1), (18, 2), (19, 5), (18, 5), (19, 3), (18, 7), (19, 6), (18, 9), (19, 12), (19, 14), (18, 18)]
 
 
 
/Users/armaanlala/Developer/Minesweeper-Algorithms/varied_density_boards/20x_20y_20d_2.json
20 x 20 with 80 bombs
Grid Area: 400 squares
Bomb Density: 0.2 bombs/square
Runtime: 0.14 seconds
Performance: 0.675 percent of squares uncovered
Bomb Locations: [(1, 0), (1, 4), (0, 4), (2, 4), (0, 10), (1, 13), (2, 12), (1, 17), (1, 15), (5, 1), (4, 0), (3, 3), (5, 5), (3, 8), (4, 12), (5, 14), (3, 12), (3, 17), (3, 18), (4, 18), (8, 2), (8, 3), (7, 5), (8, 8), (6, 7), (8, 9), (8, 12), (8, 19), (8, 18), (9, 1), (10, 7), (11, 6), (9, 10), (11, 9), (11, 13), (10, 16), (11, 17), (12, 0), (12, 5), (14, 3), (13, 7), (12, 6), (12, 8), (12, 10), (13, 11), (12, 13), (13, 16), (12, 16), (13, 15), (13, 17), (14, 17), (13, 18), (16, 2), (16, 4), (15, 3), (17, 3), (17, 8), (15, 8), (16, 6), (15, 11), (15, 10), (15, 9), (17, 9), (17, 13), (15, 12), (16, 12), (15, 15), (15, 17), (15, 18), (17, 18), (18, 2), (19, 4), (18, 7), (19, 6), (19, 9), (18, 12), (18, 16), (19, 17), (18, 19), (18, 18)]
 
 
 
/Users/armaanlala/Developer/Minesweeper-Algorithms/varied_density_boards/20x_20y_02d_0.json
20 x 20 with 8 bombs
Grid Area: 400 squares
Bomb Density: 0.02 bombs/square
Runtime: 0.05 seconds
Performance: 0.2075 percent of squares uncovered
Bomb Locations: [(0, 6), (1, 15), (4, 15), (10, 11), (15, 2), (15, 12), (18, 1), (19, 14)]
 
 
 
/Users/armaanlala/Developer/Minesweeper-Algorithms/varied_density_boards/20x_20y_12d_0.json
20 x 20 with 48 bombs
Grid Area: 400 squares
Bomb Density: 0.12 bombs/square
Runtime: 0.11 seconds
Performance: 0.515 percent of squares uncovered
Bomb Locations: [(0, 4), (1, 8), (1, 9), (1, 15), (2, 19), (4, 2), (3, 0), (5, 2), (3, 1), (3, 4), (5, 3), (3, 8), (4, 6), (4, 13), (7, 1), (8, 1), (7, 5), (7, 3), (8, 8), (8, 11), (8, 12), (6, 14), (7, 12), (10, 1), (10, 0), (9, 3), (10, 7), (11, 8), (10, 11), (9, 11), (9, 15), (10, 19), (10, 18), (11, 19), (12, 3), (14, 13), (13, 19), (12, 18), (16, 1), (15, 1), (15, 11), (17, 9), (16, 12), (18, 0), (18, 11), (18, 12), (19, 15), (19, 18)]
 
 
 
/Users/armaanlala/Developer/Minesweeper-Algorithms/varied_density_boards/20x_20y_16d_2.json
20 x 20 with 64 bombs
Grid Area: 400 squares
Bomb Density: 0.16 bombs/square
Runtime: 0.13 seconds
Performance: 0.6225 percent of squares uncovered
Bomb Locations: [(0, 8), (2, 6), (1, 10), (0, 11), (0, 14), (0, 13), (1, 16), (2, 19), (1, 18), (3, 0), (4, 0), (4, 2), (4, 4), (5, 8), (5, 7), (3, 9), (3, 11), (3, 17), (5, 18), (8, 0), (8, 8), (8, 9), (8, 11), (7, 19), (6, 18), (8, 19), (10, 0), (9, 2), (10, 4), (10, 5), (9, 10), (10, 14), (11, 12), (11, 16), (9, 19), (9, 18), (12, 0), (12, 3), (13, 5), (13, 7), (12, 6), (13, 8), (12, 10), (14, 12), (12, 16), (14, 15), (14, 19), (12, 18), (17, 2), (17, 8), (16, 6), (16, 8), (17, 7), (16, 13), (15, 14), (17, 14), (16, 15), (18, 4), (19, 7), (18, 7), (19, 10), (18, 11), (19, 12), (19, 16)]
 
 
 
/Users/armaanlala/Developer/Minesweeper-Algorithms/varied_density_boards/20x_20y_06d_2.json
20 x 20 with 24 bombs
Grid Area: 400 squares
Bomb Density: 0.06 bombs/square
Runtime: 0.08 seconds
Performance: 0.335 percent of squares uncovered
Bomb Locations: [(18, 2), (2, 8), (1, 14), (2, 16), (2, 19), (1, 18), (3, 3), (4, 14), (5, 18), (3, 19), (6, 2), (6, 5), (7, 6), (8, 8), (9, 0), (11, 9), (10, 17), (12, 1), (12, 6), (16, 13), (19, 1), (18, 10), (18, 17), (18, 19)]
 
 
 
/Users/armaanlala/Developer/Minesweeper-Algorithms/varied_density_boards/20x_20y_10d_4.json
20 x 20 with 40 bombs
Grid Area: 400 squares
Bomb Density: 0.1 bombs/square
Runtime: 0.12 seconds
Performance: 0.5325 percent of squares uncovered
Bomb Locations: [(10, 1), (0, 7), (0, 10), (0, 11), (2, 11), (2, 16), (1, 19), (3, 0), (4, 5), (4, 16), (3, 19), (6, 2), (6, 10), (8, 12), (7, 18), (9, 9), (9, 13), (10, 15), (11, 15), (12, 1), (12, 2), (12, 4), (12, 7), (12, 10), (13, 13), (14, 14), (12, 16), (15, 0), (17, 1), (15, 4), (15, 11), (17, 11), (17, 15), (16, 15), (18, 1), (19, 0), (18, 5), (19, 6), (19, 14), (19, 17)]
 
 
 
/Users/armaanlala/Developer/Minesweeper-Algorithms/varied_density_boards/20x_20y_12d_3.json
20 x 20 with 48 bombs
Grid Area: 400 squares
Bomb Density: 0.12 bombs/square
Runtime: 0.11 seconds
Performance: 0.5225 percent of squares uncovered
Bomb Locations: [(1, 2), (0, 7), (1, 9), (0, 9), (1, 17), (5, 4), (4, 3), (3, 3), (4, 7), (5, 7), (7, 1), (6, 2), (8, 6), (7, 13), (6, 12), (6, 19), (9, 1), (11, 5), (10, 3), (11, 4), (11, 6), (9, 9), (10, 12), (11, 12), (12, 0), (12, 1), (13, 0), (13, 2), (14, 5), (13, 6), (13, 10), (13, 9), (13, 12), (14, 17), (13, 17), (13, 18), (16, 7), (15, 6), (17, 8), (17, 11), (16, 12), (16, 19), (19, 3), (19, 5), (18, 4), (19, 14), (19, 17), (18, 17)]
 
 
 
/Users/armaanlala/Developer/Minesweeper-Algorithms/varied_density_boards/20x_20y_02d_3.json
20 x 20 with 8 bombs
Grid Area: 400 squares
Bomb Density: 0.02 bombs/square
Runtime: 0.05 seconds
Performance: 0.22 percent of squares uncovered
Bomb Locations: [(2, 0), (2, 11), (7, 13), (12, 0), (14, 7), (12, 7), (14, 10), (12, 13)]
 
 
 
/Users/armaanlala/Developer/Minesweeper-Algorithms/varied_density_boards/20x_20y_06d_1.json
20 x 20 with 24 bombs
Grid Area: 400 squares
Bomb Density: 0.06 bombs/square
Runtime: 0.07 seconds
Performance: 0.335 percent of squares uncovered
Bomb Locations: [(1, 1), (2, 8), (1, 13), (0, 12), (3, 5), (8, 14), (9, 8), (10, 13), (10, 12), (10, 14), (10, 16), (13, 2), (12, 13), (13, 12), (15, 4), (15, 11), (16, 9), (17, 16), (15, 17), (15, 19), (17, 18), (19, 2), (19, 8), (19, 19)]
 
 
 
/Users/armaanlala/Developer/Minesweeper-Algorithms/varied_density_boards/20x_20y_16d_1.json
20 x 20 with 64 bombs
Grid Area: 400 squares
Bomb Density: 0.16 bombs/square
Runtime: 0.12 seconds
Performance: 0.6475 percent of squares uncovered
Bomb Locations: [(10, 1), (0, 0), (1, 7), (1, 6), (2, 6), (2, 9), (1, 9), (0, 10), (0, 11), (0, 12), (1, 16), (0, 16), (2, 15), (1, 19), (0, 19), (5, 0), (4, 2), (3, 10), (4, 13), (4, 14), (5, 13), (3, 17), (5, 16), (5, 17), (3, 18), (5, 19), (7, 1), (6, 3), (7, 5), (7, 7), (6, 9), (8, 11), (7, 14), (6, 15), (8, 19), (10, 8), (10, 11), (10, 16), (14, 3), (13, 6), (14, 8), (14, 6), (12, 11), (13, 9), (12, 13), (14, 14), (12, 12), (13, 15), (12, 15), (17, 5), (15, 5), (15, 6), (16, 6), (17, 9), (16, 13), (16, 16), (15, 15), (18, 0), (18, 2), (18, 3), (19, 10), (19, 13), (19, 12), (19, 16)]
 
 
 
/Users/armaanlala/Developer/Minesweeper-Algorithms/varied_density_boards/20x_20y_20d_1.json
20 x 20 with 80 bombs
Grid Area: 400 squares
Bomb Density: 0.2 bombs/square
Runtime: 0.13 seconds
Performance: 0.6475 percent of squares uncovered
Bomb Locations: [(2, 0), (1, 4), (0, 3), (1, 3), (1, 6), (2, 9), (1, 11), (1, 13), (2, 12), (1, 16), (0, 19), (3, 1), (3, 0), (5, 1), (3, 6), (3, 7), (4, 13), (3, 12), (3, 14), (5, 12), (5, 17), (3, 16), (4, 19), (6, 0), (8, 5), (6, 4), (8, 4), (8, 8), (7, 11), (8, 10), (7, 9), (8, 9), (6, 14), (8, 13), (7, 12), (7, 15), (6, 16), (6, 18), (11, 0), (11, 1), (9, 5), (9, 4), (9, 7), (9, 8), (10, 6), (11, 9), (10, 16), (11, 17), (10, 18), (11, 19), (13, 1), (12, 1), (14, 0), (14, 2), (13, 3), (13, 7), (13, 6), (14, 7), (14, 9), (12, 9), (13, 12), (12, 12), (14, 16), (13, 17), (12, 15), (17, 6), (16, 6), (16, 13), (15, 13), (17, 17), (17, 15), (16, 18), (18, 1), (18, 0), (18, 4), (18, 3), (19, 10), (18, 14), (18, 15), (19, 18)]
 
 
 
/Users/armaanlala/Developer/Minesweeper-Algorithms/varied_density_boards/20x_20y_18d_4.json
20 x 20 with 72 bombs
Grid Area: 400 squares
Bomb Density: 0.18 bombs/square
Runtime: 0.13 seconds
Performance: 0.635 percent of squares uncovered
Bomb Locations: [(0, 0), (0, 2), (2, 2), (2, 3), (0, 5), (1, 8), (2, 9), (0, 9), (0, 12), (2, 16), (2, 17), (1, 17), (0, 17), (0, 19), (4, 0), (3, 2), (5, 2), (3, 8), (3, 6), (5, 6), (4, 10), (3, 9), (3, 11), (4, 11), (5, 10), (3, 14), (4, 16), (5, 17), (4, 18), (7, 2), (7, 0), (7, 4), (6, 5), (7, 3), (8, 5), (8, 6), (6, 6), (7, 10), (6, 10), (8, 11), (7, 16), (10, 1), (11, 0), (9, 3), (10, 6), (9, 8), (10, 11), (11, 14), (9, 13), (10, 12), (9, 12), (11, 17), (10, 19), (10, 18), (11, 19), (12, 3), (13, 5), (14, 4), (12, 5), (13, 11), (13, 12), (12, 14), (12, 13), (12, 16), (16, 8), (16, 9), (15, 11), (17, 11), (16, 13), (19, 5), (18, 10), (19, 19)]
 
 
 
/Users/armaanlala/Developer/Minesweeper-Algorithms/varied_density_boards/20x_20y_08d_4.json
20 x 20 with 32 bombs
Grid Area: 400 squares
Bomb Density: 0.08 bombs/square
Runtime: 0.1 seconds
Performance: 0.4475 percent of squares uncovered
Bomb Locations: [(7, 6), (1, 7), (2, 15), (3, 4), (3, 9), (4, 13), (4, 17), (3, 19), (8, 2), (7, 0), (7, 3), (6, 8), (7, 8), (7, 11), (6, 17), (7, 19), (11, 2), (11, 7), (9, 8), (11, 14), (10, 19), (10, 18), (12, 7), (12, 6), (14, 8), (13, 10), (13, 17), (17, 1), (16, 4), (15, 6), (19, 3), (18, 13)]
 
 
 
/Users/armaanlala/Developer/Minesweeper-Algorithms/varied_density_boards/20x_20y_20d_0.json
20 x 20 with 80 bombs
Grid Area: 400 squares
Bomb Density: 0.2 bombs/square
Runtime: 0.16 seconds
Performance: 0.7225 percent of squares uncovered
Bomb Locations: [(5, 6), (2, 2), (2, 6), (1, 9), (2, 12), (0, 14), (1, 16), (0, 16), (2, 17), (0, 19), (3, 1), (5, 0), (4, 0), (5, 4), (5, 8), (4, 8), (4, 11), (3, 13), (5, 17), (4, 15), (5, 18), (3, 18), (7, 1), (8, 0), (7, 4), (7, 5), (8, 3), (7, 6), (6, 7), (7, 8), (8, 8), (8, 11), (7, 13), (7, 14), (8, 12), (8, 13), (8, 14), (9, 1), (11, 0), (10, 2), (9, 0), (9, 3), (11, 3), (11, 6), (11, 8), (10, 9), (11, 14), (9, 12), (10, 17), (11, 19), (14, 0), (14, 4), (14, 5), (12, 4), (13, 7), (14, 9), (14, 13), (12, 13), (13, 19), (17, 2), (17, 0), (16, 2), (15, 3), (17, 3), (15, 8), (15, 11), (16, 9), (17, 11), (16, 14), (15, 15), (17, 18), (17, 19), (18, 1), (18, 3), (18, 5), (18, 6), (18, 14), (19, 12), (18, 13), (19, 15)]
 
 
 
/Users/armaanlala/Developer/Minesweeper-Algorithms/varied_density_boards/20x_20y_06d_0.json
20 x 20 with 24 bombs
Grid Area: 400 squares
Bomb Density: 0.06 bombs/square
Runtime: 0.09 seconds
Performance: 0.375 percent of squares uncovered
Bomb Locations: [(2, 10), (5, 2), (5, 3), (4, 10), (3, 13), (6, 2), (8, 4), (6, 7), (8, 14), (7, 14), (8, 15), (6, 18), (11, 1), (11, 4), (10, 3), (11, 10), (10, 19), (12, 3), (13, 11), (12, 17), (14, 18), (19, 4), (19, 8), (18, 12)]
 
 
 
/Users/armaanlala/Developer/Minesweeper-Algorithms/varied_density_boards/20x_20y_16d_0.json
20 x 20 with 64 bombs
Grid Area: 400 squares
Bomb Density: 0.16 bombs/square
Runtime: 0.13 seconds
Performance: 0.6525 percent of squares uncovered
Bomb Locations: [(0, 2), (0, 1), (0, 0), (2, 4), (0, 7), (1, 13), (2, 12), (2, 16), (3, 2), (3, 8), (3, 6), (5, 7), (4, 9), (5, 12), (4, 16), (5, 16), (6, 2), (6, 0), (7, 4), (6, 3), (6, 10), (6, 12), (7, 12), (7, 16), (7, 15), (8, 19), (6, 18), (10, 2), (9, 1), (9, 3), (11, 7), (9, 10), (10, 9), (10, 13), (9, 16), (10, 18), (13, 0), (14, 5), (12, 3), (13, 6), (13, 8), (14, 7), (14, 6), (13, 9), (13, 13), (13, 17), (13, 19), (16, 0), (17, 0), (17, 1), (16, 4), (17, 3), (15, 13), (15, 16), (16, 19), (16, 18), (17, 18), (19, 1), (19, 5), (18, 8), (19, 11), (19, 14), (18, 18), (18, 19)]
 
 
 
/Users/armaanlala/Developer/Minesweeper-Algorithms/varied_density_boards/20x_20y_12d_2.json
20 x 20 with 48 bombs
Grid Area: 400 squares
Bomb Density: 0.12 bombs/square
Runtime: 0.11 seconds
Performance: 0.53 percent of squares uncovered
Bomb Locations: [(6, 18), (0, 0), (0, 5), (2, 8), (2, 9), (1, 11), (2, 13), (5, 0), (4, 9), (5, 12), (4, 16), (6, 2), (7, 4), (7, 7), (6, 6), (8, 10), (7, 11), (7, 12), (8, 12), (6, 19), (10, 5), (9, 4), (11, 9), (11, 14), (11, 13), (10, 19), (14, 0), (12, 0), (14, 11), (14, 13), (14, 15), (14, 18), (17, 0), (17, 5), (15, 4), (17, 7), (17, 6), (15, 10), (17, 9), (16, 13), (16, 12), (15, 17), (17, 19), (19, 1), (19, 5), (19, 7), (19, 17), (18, 18)]
 
 
 
/Users/armaanlala/Developer/Minesweeper-Algorithms/varied_density_boards/20x_20y_02d_2.json
20 x 20 with 8 bombs
Grid Area: 400 squares
Bomb Density: 0.02 bombs/square
Runtime: 0.05 seconds
Performance: 0.2125 percent of squares uncovered
Bomb Locations: [(2, 16), (5, 9), (3, 12), (6, 18), (11, 6), (10, 10), (10, 17), (16, 2)]
 
 
 
/Users/armaanlala/Developer/Minesweeper-Algorithms/varied_density_boards/20x_20y_08d_3.json
20 x 20 with 32 bombs
Grid Area: 400 squares
Bomb Density: 0.08 bombs/square
Runtime: 0.1 seconds
Performance: 0.465 percent of squares uncovered
Bomb Locations: [(2, 5), (0, 13), (2, 16), (0, 17), (2, 15), (0, 18), (0, 19), (3, 2), (3, 6), (4, 13), (4, 14), (6, 1), (6, 6), (8, 14), (6, 16), (6, 15), (7, 17), (10, 4), (11, 7), (11, 9), (10, 14), (11, 15), (13, 1), (12, 10), (12, 12), (12, 17), (12, 19), (16, 4), (16, 6), (17, 10), (15, 14), (18, 15)]
 
 
 
/Users/armaanlala/Developer/Minesweeper-Algorithms/varied_density_boards/20x_20y_18d_3.json
20 x 20 with 72 bombs
Grid Area: 400 squares
Bomb Density: 0.18 bombs/square
Runtime: 0.14 seconds
Performance: 0.6925 percent of squares uncovered
Bomb Locations: [(1, 2), (1, 4), (2, 8), (0, 11), (0, 13), (4, 2), (3, 2), (5, 2), (4, 4), (3, 5), (4, 5), (5, 3), (5, 8), (3, 10), (4, 13), (3, 12), (3, 14), (5, 15), (5, 19), (7, 0), (8, 4), (8, 5), (7, 6), (8, 7), (8, 6), (7, 10), (8, 13), (9, 2), (10, 4), (10, 5), (11, 5), (10, 7), (9, 7), (9, 8), (11, 9), (11, 13), (9, 14), (10, 12), (10, 16), (9, 15), (9, 16), (11, 16), (10, 18), (13, 1), (12, 1), (12, 2), (14, 3), (12, 8), (12, 6), (13, 12), (12, 12), (12, 13), (14, 12), (14, 19), (15, 0), (17, 1), (16, 2), (17, 3), (15, 5), (17, 9), (16, 13), (17, 12), (17, 13), (16, 17), (15, 19), (18, 2), (19, 0), (18, 1), (18, 4), (19, 12), (18, 17), (19, 19)]
 
 
 
/Users/armaanlala/Developer/Minesweeper-Algorithms/varied_density_boards/20x_20y_10d_2.json
20 x 20 with 40 bombs
Grid Area: 400 squares
Bomb Density: 0.1 bombs/square
Runtime: 0.11 seconds
Performance: 0.5 percent of squares uncovered
Bomb Locations: [(1, 4), (1, 8), (2, 8), (0, 11), (1, 16), (3, 0), (4, 5), (3, 9), (3, 11), (4, 16), (6, 0), (6, 3), (8, 8), (7, 6), (8, 11), (6, 13), (8, 13), (7, 16), (8, 15), (8, 17), (9, 2), (9, 9), (9, 13), (9, 16), (9, 17), (11, 17), (12, 2), (14, 3), (14, 4), (12, 9), (12, 14), (12, 17), (13, 18), (16, 3), (16, 7), (19, 5), (19, 6), (18, 11), (19, 16), (19, 15)]
 
 
 
/Users/armaanlala/Developer/Minesweeper-Algorithms/varied_density_boards/20x_20y_14d_0.json
20 x 20 with 56 bombs
Grid Area: 400 squares
Bomb Density: 0.14 bombs/square
Runtime: 0.13 seconds
Performance: 0.635 percent of squares uncovered
Bomb Locations: [(1, 1), (0, 2), (1, 4), (0, 3), (0, 5), (1, 8), (2, 7), (0, 7), (2, 9), (1, 11), (0, 14), (0, 15), (1, 19), (3, 2), (4, 4), (4, 3), (5, 5), (3, 7), (4, 10), (3, 9), (3, 11), (5, 12), (5, 13), (5, 17), (5, 19), (6, 1), (7, 8), (8, 11), (6, 13), (8, 16), (8, 19), (6, 18), (11, 0), (10, 2), (10, 10), (10, 14), (11, 14), (11, 16), (9, 17), (12, 2), (13, 3), (14, 7), (12, 7), (13, 9), (13, 12), (14, 14), (14, 12), (16, 3), (15, 5), (16, 7), (16, 17), (17, 16), (17, 18), (19, 2), (19, 19), (19, 18)]
 
 
 
/Users/armaanlala/Developer/Minesweeper-Algorithms/varied_density_boards/20x_20y_04d_0.json
20 x 20 with 16 bombs
Grid Area: 400 squares
Bomb Density: 0.04 bombs/square
Runtime: 0.07 seconds
Performance: 0.3075 percent of squares uncovered
Bomb Locations: [(0, 2), (4, 4), (3, 8), (4, 19), (7, 16), (6, 18), (13, 18), (15, 5), (15, 7), (17, 14), (16, 16), (17, 18), (18, 3), (18, 6), (19, 6), (18, 15)]
 
 
 
/Users/armaanlala/Developer/Minesweeper-Algorithms/varied_density_boards/20x_20y_02d_4.json
20 x 20 with 8 bombs
Grid Area: 400 squares
Bomb Density: 0.02 bombs/square
Runtime: 0.06 seconds
Performance: 0.2275 percent of squares uncovered
Bomb Locations: [(0, 2), (3, 5), (8, 3), (7, 19), (10, 1), (9, 12), (9, 14), (17, 8)]
 
 
 
/Users/armaanlala/Developer/Minesweeper-Algorithms/varied_density_boards/20x_20y_12d_4.json
20 x 20 with 48 bombs
Grid Area: 400 squares
Bomb Density: 0.12 bombs/square
Runtime: 0.11 seconds
Performance: 0.5075 percent of squares uncovered
Bomb Locations: [(1, 0), (2, 2), (2, 5), (0, 14), (1, 15), (3, 0), (5, 3), (3, 7), (5, 12), (3, 13), (5, 19), (3, 18), (4, 18), (7, 1), (7, 0), (8, 0), (8, 1), (6, 4), (8, 6), (6, 6), (7, 9), (8, 11), (10, 0), (9, 5), (10, 7), (10, 12), (11, 16), (14, 5), (12, 5), (13, 3), (13, 7), (12, 12), (14, 13), (12, 14), (13, 14), (13, 19), (14, 19), (16, 4), (15, 5), (17, 8), (15, 10), (16, 16), (17, 15), (17, 17), (17, 18), (16, 18), (19, 11), (18, 15)]
 
 
 
/Users/armaanlala/Developer/Minesweeper-Algorithms/varied_density_boards/20x_20y_14d_1.json
20 x 20 with 56 bombs
Grid Area: 400 squares
Bomb Density: 0.14 bombs/square
Runtime: 0.13 seconds
Performance: 0.575 percent of squares uncovered
Bomb Locations: [(1, 2), (2, 2), (2, 4), (2, 8), (0, 10), (0, 9), (0, 15), (1, 17), (2, 18), (4, 2), (4, 8), (4, 6), (5, 6), (5, 9), (4, 9), (4, 11), (4, 12), (5, 12), (4, 17), (4, 15), (4, 19), (3, 18), (7, 0), (6, 8), (6, 11), (7, 19), (10, 7), (10, 11), (9, 13), (11, 12), (9, 15), (11, 19), (14, 1), (13, 14), (14, 13), (14, 15), (12, 17), (14, 18), (14, 19), (12, 19), (15, 2), (17, 4), (15, 7), (16, 6), (15, 9), (15, 10), (17, 17), (15, 18), (17, 19), (18, 2), (19, 0), (19, 4), (18, 8), (19, 12), (18, 15), (18, 18)]
 
 
 
/Users/armaanlala/Developer/Minesweeper-Algorithms/varied_density_boards/20x_20y_04d_1.json
20 x 20 with 16 bombs
Grid Area: 400 squares
Bomb Density: 0.04 bombs/square
Runtime: 0.06 seconds
Performance: 0.2575 percent of squares uncovered
Bomb Locations: [(5, 7), (4, 17), (6, 2), (7, 6), (7, 9), (8, 19), (10, 1), (11, 2), (10, 8), (11, 9), (14, 17), (16, 8), (17, 14), (15, 14), (15, 13), (19, 9)]
 
 
 
/Users/armaanlala/Developer/Minesweeper-Algorithms/varied_density_boards/20x_20y_10d_3.json
20 x 20 with 40 bombs
Grid Area: 400 squares
Bomb Density: 0.1 bombs/square
Runtime: 0.11 seconds
Performance: 0.5375 percent of squares uncovered
Bomb Locations: [(0, 5), (1, 7), (0, 11), (1, 16), (1, 15), (1, 19), (0, 18), (4, 2), (4, 3), (5, 8), (5, 7), (5, 17), (5, 18), (7, 0), (7, 7), (7, 12), (8, 12), (7, 16), (10, 7), (9, 17), (10, 18), (13, 2), (14, 1), (14, 3), (13, 10), (14, 11), (12, 12), (14, 19), (14, 18), (17, 1), (16, 7), (15, 11), (17, 17), (15, 16), (19, 1), (18, 0), (18, 11), (18, 13), (18, 17), (18, 18)]
 
 
 
/Users/armaanlala/Developer/Minesweeper-Algorithms/varied_density_boards/20x_20y_08d_2.json
20 x 20 with 32 bombs
Grid Area: 400 squares
Bomb Density: 0.08 bombs/square
Runtime: 0.09 seconds
Performance: 0.445 percent of squares uncovered
Bomb Locations: [(1, 2), (1, 17), (5, 0), (5, 8), (3, 10), (4, 13), (5, 13), (4, 16), (7, 1), (8, 0), (7, 5), (10, 1), (11, 3), (11, 8), (11, 11), (10, 12), (11, 17), (9, 18), (14, 5), (13, 10), (14, 9), (15, 2), (15, 1), (16, 3), (15, 10), (17, 11), (16, 13), (16, 12), (19, 4), (18, 14), (19, 18), (18, 18)]
 
 
 
/Users/armaanlala/Developer/Minesweeper-Algorithms/varied_density_boards/20x_20y_18d_2.json
20 x 20 with 72 bombs
Grid Area: 400 squares
Bomb Density: 0.18 bombs/square
Runtime: 0.14 seconds
Performance: 0.715 percent of squares uncovered
Bomb Locations: [(2, 1), (1, 0), (0, 5), (1, 3), (2, 5), (1, 8), (0, 8), (0, 9), (2, 14), (0, 14), (1, 15), (2, 17), (1, 17), (2, 18), (5, 0), (3, 0), (5, 2), (4, 0), (3, 4), (4, 7), (5, 7), (3, 11), (5, 10), (4, 13), (4, 14), (3, 15), (6, 0), (7, 0), (6, 2), (6, 5), (6, 8), (6, 11), (7, 13), (6, 13), (8, 17), (6, 17), (7, 19), (8, 19), (10, 1), (9, 2), (10, 4), (11, 5), (11, 6), (11, 12), (9, 19), (11, 19), (14, 2), (13, 2), (13, 7), (12, 6), (13, 6), (14, 6), (12, 9), (12, 10), (13, 12), (14, 17), (14, 18), (12, 18), (16, 0), (17, 2), (15, 1), (15, 5), (17, 4), (15, 9), (16, 12), (16, 14), (19, 7), (18, 6), (19, 11), (19, 9), (18, 13), (19, 14)]
 
 
 
Final stats: 4950 bombs found, 0.493242 percent mined on average across 100 boards
