/Users/armaanlala/Developer/Minesweeper-Algorithms/varied_size_boards/20rows_35cols_10d_3.json
20 x 35 with 70 bombs
Grid Area: 700 squares
Bomb Density: 0.1 bombs/square
Runtime: 17.03 seconds
Performance: 0.45571428571428574 percent of squares uncovered
Bomb Locations: [(11, 27), (13, 28), (11, 29), (12, 27), (11, 28), (12, 25), (15, 26), (15, 23), (12, 22), (14, 22), (16, 26), (10, 32), (11, 32), (10, 17), (9, 20), (9, 17), (9, 14), (11, 13), (14, 19), (15, 22), (8, 23), (7, 23), (4, 22), (5, 19), (3, 18), (2, 19), (4, 14), (7, 12), (12, 11), (16, 13), (14, 11), (7, 26), (9, 27), (14, 9), (14, 8), (13, 10), (0, 14), (1, 11), (3, 13), (4, 10), (1, 10), (16, 10), (17, 12), (19, 10), (9, 7), (10, 5), (3, 23), (0, 22), (5, 27), (7, 28), (4, 28), (1, 26), (4, 6), (4, 31), (6, 33), (8, 34), (15, 31), (16, 31), (2, 6), (6, 4), (10, 3), (12, 33), (9, 2), (12, 1), (0, 30), (3, 0), (0, 0), (12, 13), (11, 12), (9, 34)]
 
 
 
/Users/armaanlala/Developer/Minesweeper-Algorithms/varied_size_boards/20rows_20cols_10d_3.json
20 x 20 with 40 bombs
Grid Area: 400 squares
Bomb Density: 0.1 bombs/square
Runtime: 6.06 seconds
Performance: 0.435 percent of squares uncovered
Bomb Locations: [(2, 18), (1, 18), (7, 10), (8, 7), (6, 9), (6, 7), (7, 6), (4, 8), (4, 11), (5, 8), (6, 3), (1, 9), (2, 6), (14, 9), (8, 14), (13, 14), (12, 15), (16, 12), (16, 9), (12, 4), (10, 2), (14, 4), (5, 16), (15, 16), (12, 16), (18, 6), (17, 15), (12, 1), (14, 1), (15, 3), (14, 0), (8, 1), (6, 1), (0, 4), (19, 4), (3, 0), (5, 2), (7, 0), (3, 17), (2, 19)]
 
 
 
/Users/armaanlala/Developer/Minesweeper-Algorithms/varied_size_boards/15rows_20cols_10d_0.json
15 x 20 with 30 bombs
Grid Area: 300 squares
Bomb Density: 0.1 bombs/square
Runtime: 5.07 seconds
Performance: 0.46 percent of squares uncovered
Bomb Locations: [(11, 5), (10, 3), (12, 3), (12, 5), (12, 4), (7, 3), (10, 0), (12, 1), (11, 0), (5, 10), (10, 8), (9, 13), (12, 8), (13, 11), (3, 5), (12, 15), (13, 14), (3, 2), (2, 4), (4, 1), (6, 4), (0, 13), (14, 7), (0, 5), (11, 18), (12, 18), (14, 4), (4, 19), (1, 0), (11, 8)]
 
 
 
/Users/armaanlala/Developer/Minesweeper-Algorithms/varied_size_boards/10rows_20cols_10d_2.json
10 x 20 with 20 bombs
Grid Area: 200 squares
Bomb Density: 0.1 bombs/square
Runtime: 2.26 seconds
Performance: 0.445 percent of squares uncovered
Bomb Locations: [(1, 14), (1, 15), (4, 10), (5, 13), (4, 13), (1, 11), (3, 8), (0, 14), (8, 9), (8, 8), (2, 5), (1, 7), (4, 3), (6, 2), (2, 15), (7, 15), (9, 15), (5, 18), (3, 1), (8, 1)]
 
 
 
/Users/armaanlala/Developer/Minesweeper-Algorithms/varied_size_boards/20rows_25cols_10d_4.json
20 x 25 with 50 bombs
Grid Area: 500 squares
Bomb Density: 0.1 bombs/square
Runtime: 11.71 seconds
Performance: 0.482 percent of squares uncovered
Bomb Locations: [(3, 6), (2, 7), (1, 5), (5, 3), (10, 12), (11, 14), (13, 12), (12, 10), (10, 17), (8, 17), (11, 17), (14, 16), (14, 19), (6, 11), (11, 8), (7, 16), (8, 8), (15, 13), (5, 16), (3, 12), (10, 5), (8, 6), (17, 17), (3, 14), (9, 4), (5, 18), (4, 17), (18, 15), (9, 22), (10, 23), (12, 24), (13, 21), (16, 21), (14, 24), (17, 7), (15, 4), (2, 12), (12, 1), (14, 1), (16, 1), (19, 22), (3, 22), (4, 0), (5, 2), (10, 0), (16, 0), (3, 24), (19, 0), (0, 1), (3, 23)]
 
 
 
/Users/armaanlala/Developer/Minesweeper-Algorithms/varied_size_boards/20rows_30cols_10d_4.json
20 x 30 with 60 bombs
Grid Area: 600 squares
Bomb Density: 0.1 bombs/square
Runtime: 17.43 seconds
Performance: 0.4216666666666667 percent of squares uncovered
Bomb Locations: [(5, 21), (3, 21), (5, 23), (3, 23), (4, 21), (1, 22), (7, 14), (7, 16), (13, 13), (14, 18), (12, 20), (9, 20), (8, 11), (6, 11), (13, 12), (5, 17), (10, 9), (9, 22), (12, 23), (9, 24), (7, 8), (9, 7), (3, 15), (17, 14), (3, 11), (5, 11), (4, 10), (2, 9), (5, 8), (4, 6), (0, 9), (3, 18), (2, 16), (2, 17), (17, 11), (17, 13), (8, 4), (18, 19), (17, 23), (15, 25), (13, 26), (16, 7), (19, 7), (5, 5), (7, 26), (12, 27), (14, 27), (18, 25), (10, 2), (12, 2), (4, 3), (3, 27), (0, 5), (2, 3), (19, 2), (5, 29), (0, 2), (1, 28), (19, 0), (1, 18)]
 
 
 
/Users/armaanlala/Developer/Minesweeper-Algorithms/varied_size_boards/30rows_30cols_10d_3.json
30 x 30 with 90 bombs
Grid Area: 900 squares
Bomb Density: 0.1 bombs/square
Runtime: 36.76 seconds
Performance: 0.43666666666666665 percent of squares uncovered
Bomb Locations: [(5, 17), (4, 19), (3, 17), (6, 18), (4, 17), (3, 19), (14, 11), (16, 12), (13, 13), (15, 10), (17, 10), (17, 13), (20, 10), (14, 8), (16, 7), (15, 7), (11, 8), (17, 15), (10, 15), (10, 16), (12, 19), (20, 14), (21, 16), (19, 17), (18, 20), (19, 20), (22, 18), (11, 22), (9, 20), (14, 23), (11, 24), (13, 19), (21, 12), (7, 14), (22, 12), (10, 23), (8, 22), (9, 27), (7, 28), (6, 27), (9, 28), (24, 14), (23, 20), (24, 19), (25, 22), (24, 20), (27, 19), (24, 22), (23, 8), (21, 6), (22, 24), (23, 23), (10, 8), (13, 4), (3, 12), (6, 8), (19, 26), (4, 16), (26, 9), (22, 4), (1, 14), (3, 7), (17, 2), (7, 4), (13, 29), (19, 28), (16, 0), (16, 1), (29, 17), (26, 24), (2, 12), (1, 19), (22, 2), (4, 5), (10, 28), (27, 26), (26, 28), (24, 29), (28, 5), (26, 3), (28, 4), (29, 1), (0, 21), (3, 27), (1, 5), (3, 5), (3, 2), (1, 25), (0, 28), (3, 16)]
 
 
 
/Users/armaanlala/Developer/Minesweeper-Algorithms/varied_size_boards/25rows_32cols_10d_1.json
25 x 32 with 80 bombs
Grid Area: 800 squares
Bomb Density: 0.1 bombs/square
Runtime: 26.31 seconds
Performance: 0.43375 percent of squares uncovered
Bomb Locations: [(3, 14), (1, 13), (1, 12), (4, 11), (6, 14), (2, 14), (7, 11), (8, 14), (13, 19), (15, 13), (16, 17), (15, 20), (17, 19), (9, 19), (15, 10), (16, 10), (19, 10), (12, 9), (15, 7), (13, 7), (16, 8), (18, 20), (15, 22), (10, 22), (8, 21), (6, 19), (6, 21), (5, 20), (3, 21), (4, 21), (5, 23), (1, 19), (19, 8), (19, 7), (20, 8), (19, 6), (10, 24), (10, 6), (11, 26), (13, 27), (19, 24), (23, 14), (23, 18), (22, 20), (3, 8), (4, 7), (19, 25), (10, 26), (1, 20), (22, 21), (0, 15), (3, 24), (8, 4), (8, 27), (19, 27), (21, 25), (12, 2), (22, 28), (21, 3), (20, 5), (19, 2), (12, 31), (10, 31), (14, 31), (16, 1), (2, 6), (2, 27), (8, 2), (15, 0), (8, 31), (17, 0), (4, 30), (0, 6), (20, 31), (2, 1), (24, 30), (23, 1), (0, 31), (0, 0), (24, 15)]
 
 
 
/Users/armaanlala/Developer/Minesweeper-Algorithms/varied_size_boards/25rows_32cols_10d_0.json
25 x 32 with 80 bombs
Grid Area: 800 squares
Bomb Density: 0.1 bombs/square
Runtime: 30.28 seconds
Performance: 0.46125 percent of squares uncovered
Bomb Locations: [(3, 22), (1, 23), (1, 24), (4, 25), (12, 16), (15, 17), (12, 19), (15, 20), (16, 18), (14, 22), (12, 14), (9, 13), (11, 12), (13, 12), (8, 11), (9, 9), (8, 10), (10, 20), (7, 19), (9, 20), (16, 22), (5, 15), (4, 19), (3, 16), (1, 17), (6, 19), (14, 25), (4, 12), (6, 11), (5, 11), (5, 9), (2, 14), (1, 13), (0, 12), (19, 11), (7, 23), (0, 16), (5, 21), (12, 25), (19, 25), (10, 26), (23, 21), (24, 18), (18, 7), (24, 13), (11, 28), (14, 5), (23, 12), (22, 7), (4, 7), (20, 25), (8, 27), (11, 3), (14, 3), (13, 0), (7, 4), (21, 4), (22, 6), (22, 4), (9, 30), (17, 3), (22, 28), (19, 29), (23, 30), (20, 31), (7, 2), (24, 4), (6, 31), (21, 1), (24, 2), (22, 0), (5, 1), (3, 2), (3, 31), (1, 0), (4, 1), (11, 26), (7, 1), (12, 15), (24, 11)]
 
 
 
/Users/armaanlala/Developer/Minesweeper-Algorithms/varied_size_boards/30rows_30cols_10d_2.json
30 x 30 with 90 bombs
Grid Area: 900 squares
Bomb Density: 0.1 bombs/square
Runtime: 41.92 seconds
Performance: 0.44666666666666666 percent of squares uncovered
Bomb Locations: [(2, 20), (2, 22), (1, 22), (16, 14), (14, 13), (18, 15), (16, 11), (12, 18), (13, 10), (15, 9), (11, 18), (10, 16), (9, 17), (12, 10), (19, 20), (9, 14), (20, 13), (12, 19), (19, 9), (21, 12), (23, 13), (18, 22), (7, 16), (17, 6), (19, 7), (25, 16), (26, 14), (22, 7), (24, 9), (6, 11), (10, 6), (23, 21), (21, 24), (5, 16), (15, 26), (16, 25), (6, 8), (8, 23), (7, 23), (6, 25), (10, 25), (4, 15), (13, 4), (17, 4), (20, 26), (17, 26), (21, 27), (3, 12), (11, 4), (16, 2), (16, 27), (27, 10), (2, 18), (25, 23), (8, 3), (10, 3), (20, 3), (19, 1), (6, 5), (3, 4), (2, 5), (24, 4), (2, 13), (26, 22), (29, 13), (29, 17), (26, 6), (6, 27), (29, 10), (29, 22), (14, 0), (0, 18), (3, 26), (27, 4), (26, 5), (5, 29), (5, 26), (2, 27), (1, 24), (23, 0), (29, 4), (26, 29), (1, 2), (28, 0), (10, 15), (13, 0), (29, 9), (29, 3), (2, 21), (9, 15)]
 
 
 
/Users/armaanlala/Developer/Minesweeper-Algorithms/varied_size_boards/10rows_20cols_10d_3.json
10 x 20 with 20 bombs
Grid Area: 200 squares
Bomb Density: 0.1 bombs/square
Runtime: 2.28 seconds
Performance: 0.46 percent of squares uncovered
Bomb Locations: [(2, 15), (1, 15), (0, 17), (2, 16), (5, 10), (5, 12), (8, 9), (8, 12), (8, 6), (5, 5), (8, 5), (5, 4), (4, 4), (5, 1), (4, 5), (1, 12), (6, 17), (1, 14), (0, 2), (6, 1)]
 
 
 
/Users/armaanlala/Developer/Minesweeper-Algorithms/varied_size_boards/15rows_20cols_10d_1.json
15 x 20 with 30 bombs
Grid Area: 300 squares
Bomb Density: 0.1 bombs/square
Runtime: 3.35 seconds
Performance: 0.4 percent of squares uncovered
Bomb Locations: [(4, 11), (3, 13), (5, 14), (3, 11), (3, 14), (0, 9), (7, 6), (8, 15), (7, 16), (4, 17), (6, 19), (8, 16), (9, 19), (13, 11), (11, 5), (14, 6), (14, 9), (12, 4), (14, 5), (4, 5), (5, 4), (7, 5), (6, 2), (4, 1), (12, 2), (13, 18), (12, 19), (0, 16), (10, 1), (7, 1)]
 
 
 
/Users/armaanlala/Developer/Minesweeper-Algorithms/varied_size_boards/20rows_35cols_10d_2.json
20 x 35 with 70 bombs
Grid Area: 700 squares
Bomb Density: 0.1 bombs/square
Runtime: 25.14 seconds
Performance: 0.46714285714285714 percent of squares uncovered
Bomb Locations: [(11, 5), (13, 6), (13, 5), (11, 4), (8, 17), (8, 20), (9, 14), (8, 16), (5, 17), (6, 19), (8, 13), (7, 12), (5, 11), (7, 11), (12, 22), (4, 20), (9, 23), (13, 12), (17, 20), (18, 18), (9, 10), (12, 11), (11, 25), (12, 23), (10, 25), (7, 26), (10, 28), (4, 22), (17, 23), (13, 10), (2, 12), (2, 21), (15, 10), (19, 16), (3, 24), (9, 8), (5, 27), (2, 26), (16, 27), (3, 10), (0, 23), (1, 22), (5, 28), (11, 30), (2, 8), (16, 6), (16, 29), (2, 7), (17, 28), (3, 4), (2, 4), (0, 3), (0, 8), (17, 6), (7, 33), (8, 34), (6, 2), (17, 4), (5, 3), (4, 33), (13, 34), (2, 32), (0, 32), (19, 32), (7, 0), (4, 0), (5, 1), (19, 0), (17, 29), (17, 5)]
 
 
 
/Users/armaanlala/Developer/Minesweeper-Algorithms/varied_size_boards/20rows_20cols_10d_2.json
20 x 20 with 40 bombs
Grid Area: 400 squares
Bomb Density: 0.1 bombs/square
Runtime: 8.75 seconds
Performance: 0.4625 percent of squares uncovered
Bomb Locations: [(10, 18), (8, 19), (11, 16), (7, 16), (10, 19), (10, 9), (9, 9), (13, 10), (9, 8), (9, 13), (12, 14), (14, 9), (15, 13), (6, 7), (13, 14), (4, 8), (10, 3), (8, 4), (11, 4), (6, 5), (4, 16), (2, 13), (3, 6), (3, 5), (4, 2), (2, 3), (1, 10), (11, 2), (18, 10), (15, 18), (18, 6), (9, 19), (19, 13), (1, 6), (6, 1), (19, 4), (18, 19), (2, 19), (0, 0), (5, 1)]
 
 
 
/Users/armaanlala/Developer/Minesweeper-Algorithms/varied_size_boards/10rows_10cols_10d_1.json
10 x 10 with 10 bombs
Grid Area: 100 squares
Bomb Density: 0.1 bombs/square
Runtime: 0.69 seconds
Performance: 0.47 percent of squares uncovered
Bomb Locations: [(4, 2), (6, 3), (5, 0), (6, 8), (7, 7), (1, 6), (3, 9), (0, 9), (9, 9), (5, 9)]
 
 
 
/Users/armaanlala/Developer/Minesweeper-Algorithms/varied_size_boards/25rows_40cols_10d_1.json
25 x 40 with 100 bombs
Grid Area: 1000 squares
Bomb Density: 0.1 bombs/square
Runtime: 40.5 seconds
Performance: 0.46 percent of squares uncovered
Bomb Locations: [(3, 30), (1, 32), (3, 31), (3, 33), (2, 30), (1, 35), (6, 32), (7, 34), (6, 35), (6, 30), (6, 29), (5, 26), (9, 31), (9, 30), (10, 27), (15, 19), (16, 20), (16, 23), (17, 21), (15, 23), (10, 18), (10, 21), (8, 18), (7, 22), (8, 25), (10, 22), (5, 24), (10, 16), (15, 14), (14, 13), (12, 11), (11, 11), (5, 20), (5, 18), (6, 17), (3, 20), (4, 18), (10, 26), (22, 21), (14, 30), (21, 28), (2, 25), (1, 23), (24, 18), (24, 20), (8, 9), (10, 10), (2, 17), (2, 19), (0, 17), (3, 17), (12, 9), (13, 8), (14, 5), (14, 31), (7, 10), (17, 31), (2, 15), (23, 26), (0, 22), (5, 11), (21, 9), (20, 31), (15, 34), (12, 35), (14, 36), (13, 36), (15, 35), (17, 33), (20, 33), (23, 31), (3, 8), (0, 8), (0, 11), (1, 7), (4, 7), (2, 5), (5, 7), (18, 6), (22, 6), (12, 3), (6, 5), (16, 4), (8, 36), (12, 39), (15, 39), (9, 1), (11, 0), (9, 0), (6, 4), (9, 38), (15, 1), (16, 3), (21, 38), (22, 5), (3, 38), (21, 1), (11, 17), (6, 16), (16, 39)]
 
 
 
/Users/armaanlala/Developer/Minesweeper-Algorithms/varied_size_boards/10rows_20cols_10d_4.json
10 x 20 with 20 bombs
Grid Area: 200 squares
Bomb Density: 0.1 bombs/square
Runtime: 2.07 seconds
Performance: 0.385 percent of squares uncovered
Bomb Locations: [(8, 3), (6, 1), (8, 2), (7, 1), (6, 9), (3, 8), (6, 5), (9, 7), (6, 8), (9, 9), (2, 13), (1, 12), (8, 15), (0, 5), (1, 18), (0, 3), (8, 19), (0, 18), (0, 11), (7, 0)]
 
 
 
/Users/armaanlala/Developer/Minesweeper-Algorithms/varied_size_boards/20rows_25cols_10d_2.json
20 x 25 with 50 bombs
Grid Area: 500 squares
Bomb Density: 0.1 bombs/square
Runtime: 13.42 seconds
Performance: 0.438 percent of squares uncovered
Bomb Locations: [(3, 9), (2, 7), (1, 9), (4, 7), (1, 7), (10, 14), (9, 11), (12, 11), (10, 9), (14, 16), (13, 18), (10, 18), (11, 15), (14, 18), (6, 12), (10, 8), (7, 8), (15, 12), (6, 15), (4, 14), (16, 10), (5, 4), (5, 6), (4, 19), (15, 19), (17, 21), (6, 8), (3, 5), (11, 3), (16, 6), (6, 21), (2, 19), (7, 22), (0, 13), (19, 5), (3, 21), (8, 2), (9, 0), (9, 24), (14, 2), (18, 21), (14, 24), (0, 5), (3, 1), (17, 1), (16, 0), (3, 23), (18, 2), (3, 0), (18, 0)]
 
 
 
/Users/armaanlala/Developer/Minesweeper-Algorithms/varied_size_boards/20rows_30cols_10d_2.json
20 x 30 with 60 bombs
Grid Area: 600 squares
Bomb Density: 0.1 bombs/square
Runtime: 18.46 seconds
Performance: 0.44333333333333336 percent of squares uncovered
Bomb Locations: [(10, 23), (9, 25), (9, 23), (11, 23), (9, 24), (10, 14), (10, 17), (8, 14), (11, 17), (5, 14), (9, 19), (15, 16), (12, 11), (14, 11), (8, 21), (6, 20), (13, 8), (10, 8), (11, 6), (13, 6), (15, 7), (10, 6), (13, 11), (16, 16), (3, 14), (1, 12), (1, 13), (4, 23), (0, 17), (19, 22), (16, 25), (15, 27), (16, 26), (13, 3), (11, 3), (10, 3), (14, 3), (16, 6), (2, 8), (8, 26), (3, 25), (5, 24), (18, 7), (2, 6), (2, 26), (4, 29), (11, 29), (1, 4), (1, 6), (6, 29), (12, 0), (14, 0), (16, 1), (18, 28), (18, 0), (2, 0), (8, 20), (17, 6), (2, 25), (0, 12)]
 
 
 
/Users/armaanlala/Developer/Minesweeper-Algorithms/varied_size_boards/20rows_25cols_10d_3.json
20 x 25 with 50 bombs
Grid Area: 500 squares
Bomb Density: 0.1 bombs/square
Runtime: 13.86 seconds
Performance: 0.454 percent of squares uncovered
Bomb Locations: [(2, 14), (0, 13), (1, 15), (11, 15), (8, 12), (8, 9), (7, 11), (6, 11), (6, 15), (7, 12), (14, 12), (12, 6), (14, 8), (4, 9), (17, 10), (13, 20), (10, 21), (12, 21), (17, 14), (4, 17), (8, 4), (19, 13), (16, 19), (16, 21), (13, 22), (12, 23), (13, 3), (11, 1), (9, 1), (10, 0), (5, 22), (3, 5), (17, 21), (19, 20), (2, 16), (15, 3), (18, 22), (5, 3), (1, 6), (3, 3), (2, 23), (4, 23), (4, 24), (1, 23), (1, 3), (2, 4), (5, 0), (0, 2), (19, 1), (19, 0)]
 
 
 
/Users/armaanlala/Developer/Minesweeper-Algorithms/varied_size_boards/20rows_30cols_10d_3.json
20 x 30 with 60 bombs
Grid Area: 600 squares
Bomb Density: 0.1 bombs/square
Runtime: 19.92 seconds
Performance: 0.44166666666666665 percent of squares uncovered
Bomb Locations: [(2, 1), (1, 1), (7, 15), (9, 13), (8, 13), (14, 15), (15, 17), (15, 20), (16, 18), (15, 12), (5, 11), (6, 19), (11, 21), (2, 12), (2, 14), (4, 12), (3, 17), (12, 9), (7, 21), (8, 8), (3, 22), (1, 21), (6, 21), (7, 24), (9, 25), (7, 22), (12, 23), (4, 9), (3, 10), (9, 6), (0, 17), (15, 5), (13, 5), (15, 25), (13, 26), (13, 23), (3, 7), (6, 26), (6, 25), (16, 24), (1, 8), (13, 2), (18, 24), (6, 2), (9, 2), (3, 26), (4, 27), (18, 28), (18, 25), (1, 25), (12, 0), (15, 29), (17, 2), (0, 27), (19, 29), (18, 0), (9, 12), (4, 8), (2, 0), (2, 2)]
 
 
 
/Users/armaanlala/Developer/Minesweeper-Algorithms/varied_size_boards/25rows_40cols_10d_0.json
25 x 40 with 100 bombs
Grid Area: 1000 squares
Bomb Density: 0.1 bombs/square
Runtime: 40.68 seconds
Performance: 0.473 percent of squares uncovered
Bomb Locations: [(6, 6), (4, 6), (5, 4), (6, 5), (3, 5), (2, 3), (14, 19), (15, 21), (13, 18), (15, 18), (9, 20), (9, 22), (11, 23), (16, 23), (8, 18), (11, 16), (16, 20), (8, 25), (12, 25), (12, 14), (17, 24), (15, 14), (8, 14), (10, 11), (11, 13), (13, 11), (14, 12), (7, 11), (5, 13), (5, 19), (14, 29), (13, 26), (9, 27), (17, 12), (19, 15), (20, 13), (16, 13), (4, 24), (2, 21), (3, 23), (19, 26), (4, 18), (22, 16), (22, 23), (19, 29), (20, 29), (4, 25), (12, 31), (5, 27), (24, 19), (2, 15), (10, 31), (5, 11), (1, 30), (3, 31), (4, 27), (18, 8), (20, 9), (22, 11), (23, 29), (22, 32), (24, 32), (12, 34), (10, 32), (23, 11), (0, 26), (0, 12), (21, 8), (23, 6), (22, 8), (23, 9), (22, 5), (24, 5), (23, 2), (18, 6), (17, 5), (14, 4), (15, 3), (18, 4), (16, 34), (11, 5), (2, 32), (21, 35), (24, 34), (23, 37), (15, 0), (13, 3), (14, 37), (11, 38), (14, 38), (15, 39), (21, 37), (3, 37), (0, 3), (2, 0), (0, 1), (23, 23), (16, 21), (21, 10), (20, 35)]
 
 
 
/Users/armaanlala/Developer/Minesweeper-Algorithms/varied_size_boards/20rows_35cols_10d_4.json
20 x 35 with 70 bombs
Grid Area: 700 squares
Bomb Density: 0.1 bombs/square
Runtime: 23.08 seconds
Performance: 0.4157142857142857 percent of squares uncovered
Bomb Locations: [(5, 19), (4, 18), (3, 20), (5, 20), (4, 20), (7, 16), (0, 19), (10, 17), (12, 16), (10, 15), (6, 13), (10, 24), (5, 22), (16, 19), (13, 12), (17, 14), (7, 24), (5, 23), (14, 12), (3, 14), (5, 12), (2, 13), (2, 10), (5, 9), (6, 9), (2, 7), (17, 21), (2, 23), (10, 26), (12, 26), (15, 9), (17, 10), (17, 9), (1, 16), (18, 22), (11, 7), (19, 11), (3, 26), (6, 28), (0, 10), (13, 6), (15, 29), (11, 5), (9, 30), (17, 7), (7, 4), (5, 5), (1, 28), (4, 30), (16, 4), (0, 28), (5, 2), (9, 33), (13, 2), (6, 1), (8, 0), (4, 32), (16, 3), (5, 33), (2, 1), (3, 33), (5, 1), (8, 24), (17, 20), (1, 15), (10, 7), (16, 29), (8, 34), (5, 0), (11, 15)]
 
 
 
/Users/armaanlala/Developer/Minesweeper-Algorithms/varied_size_boards/20rows_20cols_10d_4.json
20 x 20 with 40 bombs
Grid Area: 400 squares
Bomb Density: 0.1 bombs/square
Runtime: 9.75 seconds
Performance: 0.45 percent of squares uncovered
Bomb Locations: [(14, 14), (16, 16), (15, 14), (14, 15), (17, 13), (15, 18), (16, 18), (19, 14), (8, 11), (12, 13), (6, 10), (9, 15), (11, 16), (6, 8), (5, 12), (6, 6), (17, 10), (5, 7), (4, 14), (6, 3), (14, 4), (17, 5), (16, 4), (13, 1), (7, 18), (18, 9), (1, 7), (2, 17), (18, 5), (1, 5), (1, 4), (0, 7), (18, 2), (0, 16), (1, 19), (1, 0), (13, 0), (7, 19), (0, 17), (0, 0)]
 
 
 
/Users/armaanlala/Developer/Minesweeper-Algorithms/varied_size_boards/10rows_10cols_10d_0.json
10 x 10 with 10 bombs
Grid Area: 100 squares
Bomb Density: 0.1 bombs/square
Runtime: 0.7 seconds
Performance: 0.33 percent of squares uncovered
Bomb Locations: [(2, 7), (2, 9), (0, 7), (4, 3), (8, 5), (2, 2), (1, 7), (7, 1), (3, 1), (9, 1)]
 
 
 
/Users/armaanlala/Developer/Minesweeper-Algorithms/varied_size_boards/30rows_30cols_10d_4.json
30 x 30 with 90 bombs
Grid Area: 900 squares
Bomb Density: 0.1 bombs/square
Runtime: 48.15 seconds
Performance: 0.4622222222222222 percent of squares uncovered
Bomb Locations: [(10, 25), (11, 27), (9, 27), (8, 24), (10, 27), (6, 27), (6, 24), (5, 25), (17, 15), (13, 13), (13, 17), (16, 10), (13, 19), (19, 12), (18, 10), (8, 15), (13, 8), (12, 22), (14, 23), (21, 13), (21, 17), (10, 11), (11, 21), (7, 10), (23, 17), (7, 19), (19, 23), (17, 25), (22, 9), (20, 5), (25, 12), (5, 17), (25, 17), (5, 19), (11, 4), (19, 27), (19, 24), (20, 28), (3, 16), (13, 27), (23, 8), (26, 6), (26, 5), (5, 21), (28, 13), (28, 11), (27, 17), (26, 23), (28, 21), (29, 19), (3, 11), (2, 19), (1, 18), (26, 18), (14, 2), (21, 2), (21, 5), (24, 2), (24, 0), (16, 29), (0, 10), (1, 7), (4, 26), (6, 29), (15, 0), (13, 1), (29, 22), (1, 24), (0, 18), (20, 0), (28, 3), (26, 0), (28, 0), (25, 2), (4, 2), (26, 27), (3, 2), (0, 3), (0, 5), (0, 24), (1, 27), (0, 27), (28, 26), (5, 0), (28, 29), (0, 29), (17, 16), (11, 28), (29, 10), (13, 18)]
 
 
 
/Users/armaanlala/Developer/Minesweeper-Algorithms/varied_size_boards/20rows_30cols_10d_0.json
20 x 30 with 60 bombs
Grid Area: 600 squares
Bomb Density: 0.1 bombs/square
Runtime: 21.31 seconds
Performance: 0.435 percent of squares uncovered
Bomb Locations: [(2, 8), (1, 6), (1, 8), (0, 7), (4, 6), (10, 17), (13, 15), (8, 18), (5, 14), (15, 14), (7, 20), (15, 19), (4, 15), (11, 21), (8, 9), (14, 10), (4, 19), (17, 14), (7, 22), (17, 10), (17, 9), (10, 23), (6, 6), (8, 7), (2, 18), (7, 24), (9, 25), (8, 23), (5, 7), (16, 6), (10, 5), (12, 25), (10, 26), (18, 9), (7, 3), (10, 28), (13, 28), (1, 23), (10, 2), (2, 24), (12, 2), (18, 25), (16, 26), (18, 4), (10, 0), (15, 2), (6, 1), (15, 28), (0, 3), (0, 25), (18, 3), (19, 28), (5, 29), (2, 29), (4, 0), (6, 23), (16, 2), (0, 2), (5, 0), (14, 15)]
 
 
 
/Users/armaanlala/Developer/Minesweeper-Algorithms/varied_size_boards/20rows_25cols_10d_0.json
20 x 25 with 50 bombs
Grid Area: 500 squares
Bomb Density: 0.1 bombs/square
Runtime: 11.34 seconds
Performance: 0.472 percent of squares uncovered
Bomb Locations: [(8, 12), (6, 13), (6, 11), (8, 14), (7, 11), (11, 12), (10, 14), (9, 15), (9, 9), (12, 11), (12, 16), (16, 10), (13, 11), (9, 8), (16, 14), (7, 6), (5, 7), (13, 6), (9, 20), (5, 18), (8, 5), (16, 17), (13, 20), (19, 15), (18, 18), (18, 9), (13, 3), (12, 5), (10, 2), (14, 5), (15, 5), (9, 21), (9, 3), (15, 22), (13, 21), (7, 2), (7, 4), (3, 20), (0, 5), (18, 23), (2, 23), (14, 1), (1, 2), (1, 23), (3, 0), (8, 2), (15, 1), (18, 24), (19, 24), (7, 5)]
 
 
 
/Users/armaanlala/Developer/Minesweeper-Algorithms/varied_size_boards/25rows_40cols_10d_3.json
25 x 40 with 100 bombs
Grid Area: 1000 squares
Bomb Density: 0.1 bombs/square
Runtime: 43.25 seconds
Performance: 0.48 percent of squares uncovered
Bomb Locations: [(4, 36), (3, 38), (1, 35), (5, 33), (2, 33), (3, 30), (6, 29), (6, 27), (7, 35), (4, 37), (6, 38), (9, 38), (9, 35), (13, 17), (10, 18), (12, 15), (15, 17), (17, 19), (16, 21), (16, 24), (8, 16), (9, 18), (8, 22), (14, 14), (17, 21), (18, 24), (11, 14), (11, 12), (13, 11), (16, 13), (11, 26), (16, 27), (5, 21), (19, 19), (19, 27), (21, 25), (6, 15), (8, 15), (7, 23), (8, 27), (12, 29), (19, 29), (21, 27), (20, 28), (19, 30), (23, 29), (21, 18), (3, 26), (8, 30), (21, 12), (20, 11), (9, 30), (24, 19), (24, 21), (7, 11), (24, 25), (13, 9), (1, 16), (16, 8), (15, 6), (1, 18), (13, 32), (2, 11), (2, 26), (12, 34), (18, 33), (16, 34), (23, 10), (21, 11), (13, 5), (20, 6), (15, 5), (8, 5), (21, 35), (12, 36), (15, 37), (17, 38), (15, 38), (18, 37), (3, 6), (11, 37), (17, 3), (21, 4), (9, 1), (6, 2), (20, 38), (1, 4), (13, 0), (14, 0), (16, 0), (18, 1), (20, 1), (20, 0), (8, 1), (2, 1), (0, 0), (24, 22), (18, 39), (3, 39), (8, 0)]
 
 
 
/Users/armaanlala/Developer/Minesweeper-Algorithms/varied_size_boards/15rows_20cols_10d_4.json
15 x 20 with 30 bombs
Grid Area: 300 squares
Bomb Density: 0.1 bombs/square
Runtime: 4.72 seconds
Performance: 0.44 percent of squares uncovered
Bomb Locations: [(5, 7), (3, 7), (3, 6), (6, 4), (7, 6), (7, 9), (4, 10), (4, 7), (11, 9), (10, 15), (3, 9), (12, 6), (11, 8), (13, 9), (11, 5), (4, 14), (0, 10), (2, 13), (7, 17), (11, 3), (14, 5), (14, 4), (12, 5), (0, 14), (13, 17), (0, 3), (13, 18), (0, 19), (2, 0), (3, 13)]
 
 
 
/Users/armaanlala/Developer/Minesweeper-Algorithms/varied_size_boards/10rows_10cols_10d_3.json
10 x 10 with 10 bombs
Grid Area: 100 squares
Bomb Density: 0.1 bombs/square
Runtime: 0.86 seconds
Performance: 0.4 percent of squares uncovered
Bomb Locations: [(1, 2), (1, 0), (0, 2), (3, 6), (0, 5), (0, 4), (0, 8), (7, 9), (1, 1), (1, 3)]
 
 
 
/Users/armaanlala/Developer/Minesweeper-Algorithms/varied_size_boards/10rows_10cols_10d_2.json
10 x 10 with 10 bombs
Grid Area: 100 squares
Bomb Density: 0.1 bombs/square
Runtime: 0.61 seconds
Performance: 0.49 percent of squares uncovered
Bomb Locations: [(2, 8), (0, 9), (3, 5), (4, 8), (6, 6), (5, 3), (6, 9), (8, 8), (9, 8), (1, 1)]
 
 
 
/Users/armaanlala/Developer/Minesweeper-Algorithms/varied_size_boards/25rows_40cols_10d_2.json
25 x 40 with 100 bombs
Grid Area: 1000 squares
Bomb Density: 0.1 bombs/square
Runtime: 48.98 seconds
Performance: 0.444 percent of squares uncovered
Bomb Locations: [(8, 20), (7, 19), (5, 20), (8, 21), (7, 18), (13, 23), (9, 17), (8, 19), (11, 16), (17, 19), (13, 24), (16, 25), (12, 15), (14, 13), (6, 24), (10, 13), (18, 25), (20, 17), (17, 27), (14, 29), (13, 29), (8, 13), (5, 15), (20, 25), (2, 22), (4, 24), (3, 21), (19, 12), (17, 11), (10, 10), (10, 12), (19, 28), (5, 26), (23, 16), (23, 19), (23, 21), (22, 14), (15, 8), (18, 9), (16, 8), (16, 11), (19, 10), (3, 27), (17, 31), (24, 14), (4, 10), (3, 10), (1, 13), (4, 28), (21, 29), (22, 9), (21, 8), (19, 6), (16, 5), (13, 4), (24, 10), (20, 4), (17, 3), (19, 3), (18, 2), (18, 0), (20, 2), (9, 6), (1, 29), (11, 6), (9, 35), (0, 13), (8, 35), (6, 35), (18, 35), (17, 35), (1, 9), (0, 31), (7, 5), (10, 4), (22, 33), (23, 8), (12, 1), (11, 1), (13, 1), (10, 37), (2, 35), (3, 5), (23, 35), (23, 3), (14, 39), (3, 37), (20, 39), (13, 0), (0, 37), (2, 38), (3, 1), (22, 39), (1, 1), (24, 39), (9, 20), (24, 2), (10, 0), (11, 15), (0, 1)]
 
 
 
/Users/armaanlala/Developer/Minesweeper-Algorithms/varied_size_boards/20rows_30cols_10d_1.json
20 x 30 with 60 bombs
Grid Area: 600 squares
Bomb Density: 0.1 bombs/square
Runtime: 18.19 seconds
Performance: 0.44666666666666666 percent of squares uncovered
Bomb Locations: [(6, 23), (6, 25), (4, 25), (9, 15), (10, 17), (14, 15), (9, 10), (10, 9), (13, 9), (10, 8), (11, 5), (9, 19), (15, 12), (16, 14), (16, 13), (14, 10), (17, 17), (18, 15), (15, 11), (4, 14), (3, 17), (11, 22), (7, 21), (3, 11), (1, 12), (3, 19), (17, 8), (14, 8), (6, 6), (14, 23), (18, 22), (19, 19), (0, 11), (2, 19), (6, 24), (4, 6), (9, 25), (18, 9), (1, 24), (13, 3), (17, 25), (8, 27), (11, 28), (18, 5), (4, 27), (6, 29), (4, 28), (7, 27), (9, 2), (17, 4), (5, 1), (11, 0), (13, 1), (19, 27), (0, 3), (18, 29), (16, 0), (6, 21), (7, 26), (16, 25)]
 
 
 
/Users/armaanlala/Developer/Minesweeper-Algorithms/varied_size_boards/20rows_25cols_10d_1.json
20 x 25 with 50 bombs
Grid Area: 500 squares
Bomb Density: 0.1 bombs/square
Runtime: 12.64 seconds
Performance: 0.386 percent of squares uncovered
Bomb Locations: [(6, 5), (7, 4), (6, 3), (4, 3), (9, 6), (8, 9), (11, 7), (10, 14), (8, 11), (7, 14), (12, 13), (14, 12), (14, 14), (14, 16), (8, 18), (9, 20), (14, 8), (5, 17), (3, 10), (11, 5), (13, 7), (14, 4), (12, 4), (15, 5), (17, 7), (18, 9), (18, 7), (14, 3), (16, 16), (3, 14), (6, 20), (5, 18), (2, 16), (3, 19), (1, 19), (19, 13), (19, 14), (7, 3), (13, 22), (11, 23), (9, 24), (9, 2), (17, 3), (7, 1), (13, 1), (16, 1), (19, 22), (0, 21), (18, 1), (0, 23)]
 
 
 
/Users/armaanlala/Developer/Minesweeper-Algorithms/varied_size_boards/25rows_32cols_10d_4.json
25 x 32 with 80 bombs
Grid Area: 800 squares
Bomb Density: 0.1 bombs/square
Runtime: 27.76 seconds
Performance: 0.45 percent of squares uncovered
Bomb Locations: [(15, 27), (17, 27), (16, 29), (15, 28), (15, 31), (13, 30), (16, 30), (15, 16), (14, 13), (16, 13), (18, 16), (15, 18), (14, 18), (12, 11), (11, 18), (15, 12), (16, 9), (14, 9), (17, 11), (17, 9), (7, 16), (9, 21), (10, 18), (10, 22), (8, 13), (6, 14), (7, 13), (15, 23), (6, 18), (19, 18), (13, 8), (17, 22), (20, 15), (23, 18), (22, 16), (21, 19), (24, 16), (22, 13), (24, 19), (22, 20), (23, 21), (9, 9), (10, 25), (11, 27), (15, 24), (5, 20), (6, 10), (19, 23), (10, 7), (22, 12), (4, 23), (3, 20), (17, 6), (20, 8), (22, 21), (21, 23), (1, 16), (11, 3), (1, 11), (1, 8), (21, 25), (24, 22), (23, 25), (1, 25), (5, 4), (15, 2), (9, 30), (5, 3), (17, 2), (11, 0), (11, 31), (23, 4), (4, 0), (0, 6), (3, 29), (22, 2), (0, 5), (0, 17), (0, 26), (9, 31)]
 
 
 
/Users/armaanlala/Developer/Minesweeper-Algorithms/varied_size_boards/10rows_20cols_10d_0.json
10 x 20 with 20 bombs
Grid Area: 200 squares
Bomb Density: 0.1 bombs/square
Runtime: 1.86 seconds
Performance: 0.41 percent of squares uncovered
Bomb Locations: [(1, 7), (2, 5), (0, 6), (4, 6), (3, 9), (6, 9), (5, 6), (3, 10), (7, 5), (8, 7), (3, 5), (7, 13), (0, 13), (3, 14), (0, 15), (2, 17), (9, 13), (9, 18), (4, 18), (9, 1)]
 
 
 
/Users/armaanlala/Developer/Minesweeper-Algorithms/varied_size_boards/15rows_20cols_10d_2.json
15 x 20 with 30 bombs
Grid Area: 300 squares
Bomb Density: 0.1 bombs/square
Runtime: 4.38 seconds
Performance: 0.43666666666666665 percent of squares uncovered
Bomb Locations: [(4, 10), (2, 10), (6, 8), (4, 11), (3, 9), (5, 7), (7, 9), (6, 12), (11, 11), (7, 6), (11, 10), (7, 14), (4, 13), (10, 15), (8, 16), (13, 9), (4, 16), (3, 16), (7, 3), (13, 7), (11, 16), (12, 18), (6, 18), (13, 15), (0, 12), (9, 0), (1, 1), (12, 9), (13, 16), (14, 7)]
 
 
 
/Users/armaanlala/Developer/Minesweeper-Algorithms/varied_size_boards/20rows_20cols_10d_1.json
20 x 20 with 40 bombs
Grid Area: 400 squares
Bomb Density: 0.1 bombs/square
Runtime: 8.21 seconds
Performance: 0.475 percent of squares uncovered
Bomb Locations: [(9, 6), (11, 6), (11, 5), (11, 4), (8, 3), (8, 7), (9, 13), (12, 11), (9, 14), (7, 14), (5, 13), (14, 6), (14, 13), (5, 7), (14, 14), (15, 12), (9, 17), (10, 15), (7, 17), (16, 7), (15, 16), (14, 4), (17, 13), (17, 5), (16, 2), (18, 2), (1, 8), (1, 11), (0, 8), (19, 9), (5, 3), (7, 2), (1, 14), (0, 13), (19, 13), (16, 1), (0, 4), (19, 18), (1, 0), (16, 12)]
 
 
 
/Users/armaanlala/Developer/Minesweeper-Algorithms/varied_size_boards/20rows_35cols_10d_1.json
20 x 35 with 70 bombs
Grid Area: 700 squares
Bomb Density: 0.1 bombs/square
Runtime: 24.06 seconds
Performance: 0.4785714285714286 percent of squares uncovered
Bomb Locations: [(6, 18), (4, 18), (5, 16), (6, 19), (4, 19), (2, 16), (2, 18), (3, 21), (0, 19), (10, 16), (12, 16), (10, 20), (9, 13), (10, 12), (13, 13), (6, 14), (15, 17), (9, 22), (10, 23), (5, 22), (15, 21), (14, 24), (19, 18), (16, 18), (16, 21), (5, 14), (16, 13), (14, 13), (16, 12), (4, 11), (10, 10), (8, 26), (4, 26), (7, 26), (17, 9), (17, 12), (1, 14), (1, 11), (0, 14), (6, 7), (1, 25), (15, 6), (13, 5), (16, 27), (0, 23), (10, 6), (5, 7), (3, 7), (8, 31), (14, 31), (11, 31), (17, 30), (9, 3), (12, 1), (10, 1), (13, 3), (4, 4), (1, 4), (17, 5), (19, 5), (13, 34), (19, 30), (3, 1), (2, 1), (0, 2), (5, 1), (17, 2), (18, 5), (3, 0), (2, 0)]
 
 
 
/Users/armaanlala/Developer/Minesweeper-Algorithms/varied_size_boards/25rows_32cols_10d_3.json
25 x 32 with 80 bombs
Grid Area: 800 squares
Bomb Density: 0.1 bombs/square
Runtime: 31.98 seconds
Performance: 0.435 percent of squares uncovered
Bomb Locations: [(11, 12), (9, 10), (11, 10), (11, 11), (8, 11), (14, 16), (12, 17), (12, 14), (10, 15), (16, 17), (9, 15), (10, 19), (17, 12), (12, 22), (9, 20), (13, 22), (16, 24), (13, 24), (14, 27), (16, 27), (17, 24), (13, 27), (10, 25), (19, 26), (19, 27), (16, 29), (20, 24), (18, 23), (5, 19), (8, 24), (16, 8), (7, 8), (5, 21), (22, 17), (2, 15), (2, 13), (21, 9), (3, 23), (1, 21), (0, 24), (4, 20), (12, 5), (17, 6), (8, 5), (5, 5), (5, 4), (24, 15), (2, 10), (24, 11), (23, 23), (24, 25), (0, 10), (4, 26), (2, 7), (2, 9), (9, 29), (6, 27), (11, 29), (23, 6), (18, 3), (18, 5), (15, 30), (14, 2), (11, 1), (8, 1), (5, 29), (21, 28), (10, 31), (14, 31), (24, 27), (20, 1), (18, 2), (19, 31), (3, 2), (1, 4), (12, 1), (21, 1), (23, 2), (4, 0), (12, 10)]
 
 
 
/Users/armaanlala/Developer/Minesweeper-Algorithms/varied_size_boards/30rows_30cols_10d_1.json
30 x 30 with 90 bombs
Grid Area: 900 squares
Bomb Density: 0.1 bombs/square
Runtime: 34.84 seconds
Performance: 0.4488888888888889 percent of squares uncovered
Bomb Locations: [(6, 17), (6, 19), (4, 18), (4, 16), (5, 19), (7, 17), (4, 15), (3, 18), (13, 14), (14, 16), (14, 13), (15, 17), (12, 14), (15, 18), (19, 15), (11, 18), (13, 21), (12, 21), (15, 20), (14, 18), (11, 12), (18, 11), (11, 10), (15, 22), (16, 22), (21, 11), (22, 9), (9, 11), (22, 20), (24, 18), (25, 16), (23, 14), (11, 8), (13, 6), (16, 25), (17, 22), (6, 10), (19, 6), (7, 21), (7, 24), (6, 22), (7, 6), (10, 8), (25, 13), (21, 24), (14, 3), (13, 3), (15, 1), (18, 3), (24, 6), (21, 4), (24, 4), (23, 3), (25, 6), (25, 3), (26, 11), (14, 27), (28, 13), (28, 16), (29, 13), (4, 22), (25, 22), (18, 27), (1, 15), (1, 18), (8, 27), (22, 27), (4, 6), (7, 3), (12, 1), (27, 23), (9, 28), (2, 9), (29, 8), (1, 22), (3, 24), (24, 2), (27, 25), (26, 28), (7, 1), (22, 28), (5, 28), (0, 7), (2, 2), (1, 29), (28, 29), (1, 1), (13, 0), (29, 7), (0, 22)]
 
 
 
/Users/armaanlala/Developer/Minesweeper-Algorithms/varied_size_boards/30rows_30cols_10d_0.json
30 x 30 with 90 bombs
Grid Area: 900 squares
Bomb Density: 0.1 bombs/square
Runtime: 37.36 seconds
Performance: 0.44555555555555554 percent of squares uncovered
Bomb Locations: [(14, 26), (12, 27), (14, 27), (13, 28), (11, 24), (14, 22), (12, 23), (13, 16), (14, 13), (10, 17), (10, 15), (11, 19), (18, 12), (15, 12), (15, 10), (17, 10), (20, 15), (19, 13), (14, 12), (17, 20), (19, 18), (10, 11), (9, 14), (7, 11), (7, 16), (13, 20), (10, 20), (8, 21), (9, 21), (10, 22), (14, 21), (18, 7), (16, 6), (23, 15), (22, 11), (19, 8), (24, 18), (25, 17), (22, 21), (20, 23), (11, 7), (16, 24), (6, 19), (19, 6), (17, 5), (24, 10), (5, 14), (5, 11), (24, 7), (15, 4), (18, 27), (15, 26), (5, 8), (27, 16), (3, 21), (2, 18), (1, 19), (3, 13), (14, 3), (26, 21), (3, 11), (12, 29), (29, 19), (27, 17), (20, 2), (4, 6), (6, 25), (7, 3), (28, 9), (18, 1), (29, 13), (25, 26), (28, 22), (0, 11), (11, 0), (5, 27), (5, 26), (25, 3), (28, 6), (1, 7), (1, 24), (27, 5), (28, 24), (24, 28), (26, 29), (3, 29), (0, 5), (0, 2), (28, 23), (23, 29)]
 
 
 
/Users/armaanlala/Developer/Minesweeper-Algorithms/varied_size_boards/25rows_32cols_10d_2.json
25 x 32 with 80 bombs
Grid Area: 800 squares
Bomb Density: 0.1 bombs/square
Runtime: 30.87 seconds
Performance: 0.49 percent of squares uncovered
Bomb Locations: [(13, 16), (15, 16), (13, 15), (14, 17), (12, 17), (11, 19), (15, 17), (14, 20), (13, 21), (11, 17), (11, 13), (8, 14), (7, 16), (10, 17), (17, 15), (8, 9), (10, 9), (7, 11), (10, 12), (6, 15), (19, 20), (17, 11), (16, 9), (13, 7), (16, 7), (19, 23), (9, 7), (10, 4), (12, 7), (3, 16), (21, 20), (21, 23), (22, 22), (21, 24), (6, 10), (13, 6), (14, 25), (6, 24), (10, 27), (21, 10), (1, 14), (1, 13), (1, 15), (1, 19), (21, 6), (24, 8), (21, 9), (13, 28), (10, 29), (11, 30), (9, 29), (2, 10), (16, 28), (15, 29), (5, 27), (7, 29), (19, 27), (19, 29), (15, 2), (22, 27), (22, 25), (9, 2), (17, 3), (21, 2), (22, 2), (21, 5), (6, 30), (0, 6), (18, 1), (20, 31), (4, 1), (1, 3), (3, 1), (23, 29), (24, 29), (0, 2), (24, 0), (10, 31), (0, 14), (0, 15)]
 
 
 
/Users/armaanlala/Developer/Minesweeper-Algorithms/varied_size_boards/10rows_10cols_10d_4.json
10 x 10 with 10 bombs
Grid Area: 100 squares
Bomb Density: 0.1 bombs/square
Runtime: 0.56 seconds
Performance: 0.4 percent of squares uncovered
Bomb Locations: [(0, 5), (1, 7), (4, 4), (7, 5), (6, 2), (3, 8), (6, 8), (4, 9), (7, 1), (0, 2)]
 
 
 
/Users/armaanlala/Developer/Minesweeper-Algorithms/varied_size_boards/20rows_20cols_10d_0.json
20 x 20 with 40 bombs
Grid Area: 400 squares
Bomb Density: 0.1 bombs/square
Runtime: 7.83 seconds
Performance: 0.435 percent of squares uncovered
Bomb Locations: [(4, 12), (3, 14), (4, 13), (5, 15), (7, 13), (6, 12), (7, 14), (4, 15), (3, 12), (8, 16), (3, 17), (0, 16), (1, 18), (9, 10), (7, 8), (6, 10), (8, 10), (5, 9), (6, 6), (14, 10), (11, 6), (13, 14), (14, 8), (15, 11), (4, 10), (13, 15), (11, 17), (10, 18), (7, 4), (7, 2), (1, 6), (4, 3), (6, 3), (16, 18), (5, 19), (19, 4), (19, 3), (19, 2), (1, 1), (3, 0)]
 
 
 
/Users/armaanlala/Developer/Minesweeper-Algorithms/varied_size_boards/20rows_35cols_10d_0.json
20 x 35 with 70 bombs
Grid Area: 700 squares
Bomb Density: 0.1 bombs/square
Runtime: 22.32 seconds
Performance: 0.46 percent of squares uncovered
Bomb Locations: [(10, 4), (10, 2), (11, 3), (11, 5), (9, 2), (11, 0), (11, 17), (11, 14), (13, 20), (5, 20), (5, 18), (9, 12), (15, 17), (14, 12), (11, 11), (15, 15), (16, 13), (12, 23), (8, 24), (5, 24), (5, 21), (3, 22), (2, 18), (18, 15), (16, 12), (7, 11), (17, 20), (4, 12), (16, 22), (5, 11), (6, 9), (6, 10), (7, 8), (12, 26), (3, 14), (4, 26), (11, 9), (17, 25), (15, 26), (19, 24), (19, 20), (0, 23), (2, 12), (18, 9), (17, 11), (16, 7), (4, 7), (5, 5), (15, 28), (0, 12), (4, 28), (2, 28), (19, 6), (7, 30), (2, 6), (4, 4), (2, 30), (3, 31), (11, 32), (0, 6), (5, 32), (16, 3), (15, 34), (12, 34), (7, 1), (2, 1), (17, 2), (15, 18), (3, 29), (4, 32)]
 
 
 
/Users/armaanlala/Developer/Minesweeper-Algorithms/varied_size_boards/15rows_20cols_10d_3.json
15 x 20 with 30 bombs
Grid Area: 300 squares
Bomb Density: 0.1 bombs/square
Runtime: 5.02 seconds
Performance: 0.43666666666666665 percent of squares uncovered
Bomb Locations: [(8, 15), (6, 15), (8, 16), (7, 17), (10, 14), (8, 17), (8, 8), (6, 7), (7, 5), (9, 8), (4, 15), (14, 13), (10, 4), (9, 3), (11, 19), (9, 18), (12, 17), (0, 12), (0, 15), (3, 15), (9, 17), (13, 4), (0, 6), (0, 5), (10, 2), (14, 17), (3, 1), (14, 18), (0, 1), (1, 0)]
 
 
 
/Users/armaanlala/Developer/Minesweeper-Algorithms/varied_size_boards/25rows_40cols_10d_4.json
25 x 40 with 100 bombs
Grid Area: 1000 squares
Bomb Density: 0.1 bombs/square
Runtime: 53.07 seconds
Performance: 0.441 percent of squares uncovered
Bomb Locations: [(12, 12), (12, 10), (11, 12), (13, 10), (14, 13), (11, 10), (13, 20), (10, 19), (12, 21), (11, 17), (12, 23), (15, 18), (14, 16), (8, 20), (17, 19), (11, 26), (11, 23), (13, 14), (15, 14), (16, 24), (7, 19), (4, 18), (4, 17), (4, 16), (6, 14), (8, 15), (7, 21), (18, 17), (17, 14), (17, 26), (5, 22), (22, 14), (23, 17), (23, 15), (19, 13), (19, 17), (22, 20), (6, 28), (5, 26), (23, 23), (2, 25), (1, 22), (18, 30), (16, 30), (5, 31), (8, 31), (4, 33), (2, 29), (1, 16), (23, 24), (15, 8), (9, 8), (14, 32), (24, 26), (22, 29), (16, 8), (1, 26), (21, 10), (23, 12), (10, 33), (2, 10), (13, 34), (11, 34), (10, 36), (22, 10), (23, 32), (19, 34), (5, 6), (8, 35), (5, 34), (0, 30), (0, 32), (1, 33), (12, 3), (14, 4), (10, 3), (15, 2), (15, 3), (21, 35), (15, 39), (10, 39), (8, 2), (20, 37), (1, 36), (0, 36), (4, 1), (7, 1), (24, 37), (21, 38), (24, 39), (1, 39), (0, 37), (23, 2), (1, 0), (23, 1), (11, 13), (14, 34), (14, 2), (10, 2), (24, 24)]
 
 
 
/Users/armaanlala/Developer/Minesweeper-Algorithms/varied_size_boards/10rows_20cols_10d_1.json
10 x 20 with 20 bombs
Grid Area: 200 squares
Bomb Density: 0.1 bombs/square
Runtime: 2.49 seconds
Performance: 0.42 percent of squares uncovered
Bomb Locations: [(2, 8), (1, 6), (0, 8), (0, 7), (5, 12), (8, 12), (6, 14), (1, 11), (4, 14), (5, 15), (2, 16), (6, 17), (0, 9), (4, 4), (6, 4), (8, 16), (3, 1), (5, 0), (6, 1), (2, 18)]
 
 
 
/Users/armaanlala/Developer/Minesweeper-Algorithms/varied_density_boards/20x_20y_18d_1.json
20 x 20 with 72 bombs
Grid Area: 400 squares
Bomb Density: 0.18 bombs/square
Runtime: 8.04 seconds
Performance: 0.5775 percent of squares uncovered
Bomb Locations: [(9, 7), (11, 7), (9, 6), (11, 6), (12, 11), (5, 10), (5, 13), (4, 12), (4, 10), (3, 10), (2, 12), (8, 14), (6, 15), (14, 10), (14, 6), (15, 12), (9, 16), (8, 17), (7, 18), (3, 15), (2, 14), (1, 13), (0, 10), (1, 8), (3, 9), (3, 7), (2, 7), (0, 9), (10, 4), (16, 9), (17, 12), (18, 11), (18, 8), (16, 12), (8, 5), (16, 7), (11, 17), (17, 14), (17, 15), (16, 16), (16, 5), (16, 4), (10, 1), (10, 3), (9, 1), (14, 18), (11, 19), (14, 2), (8, 19), (10, 19), (17, 13), (0, 6), (1, 15), (2, 15), (0, 16), (3, 17), (4, 1), (2, 1), (1, 3), (16, 18), (13, 0), (19, 16), (19, 1), (0, 19), (0, 17), (1, 16), (19, 0), (11, 5), (4, 6), (17, 5), (15, 5), (16, 17)]
 
 
 
/Users/armaanlala/Developer/Minesweeper-Algorithms/varied_density_boards/20x_20y_08d_1.json
20 x 20 with 32 bombs
Grid Area: 400 squares
Bomb Density: 0.08 bombs/square
Runtime: 7.61 seconds
Performance: 0.3375 percent of squares uncovered
Bomb Locations: [(10, 7), (7, 7), (9, 6), (9, 12), (11, 12), (10, 13), (13, 9), (13, 14), (15, 10), (9, 4), (12, 5), (10, 3), (5, 15), (10, 18), (9, 19), (17, 11), (18, 9), (2, 7), (10, 2), (14, 3), (12, 19), (15, 18), (15, 19), (16, 4), (18, 6), (3, 15), (4, 18), (11, 1), (6, 1), (16, 2), (19, 17), (0, 16)]
 
 
 
/Users/armaanlala/Developer/Minesweeper-Algorithms/varied_density_boards/20x_20y_04d_2.json
20 x 20 with 16 bombs
Grid Area: 400 squares
Bomb Density: 0.04 bombs/square
Runtime: 9.75 seconds
Performance: 0.3075 percent of squares uncovered
Bomb Locations: [(11, 8), (10, 12), (15, 10), (12, 6), (15, 9), (15, 5), (9, 16), (12, 17), (15, 17), (11, 1), (8, 18), (6, 1), (14, 1), (18, 1), (1, 17), (3, 0)]
 
 
 
/Users/armaanlala/Developer/Minesweeper-Algorithms/varied_density_boards/20x_20y_14d_2.json
20 x 20 with 56 bombs
Grid Area: 400 squares
Bomb Density: 0.14 bombs/square
Runtime: 6.93 seconds
Performance: 0.5 percent of squares uncovered
Bomb Locations: [(11, 8), (10, 12), (12, 10), (12, 14), (13, 11), (15, 14), (16, 17), (17, 14), (17, 16), (12, 7), (11, 6), (10, 4), (12, 3), (10, 6), (10, 3), (8, 3), (5, 9), (5, 11), (8, 15), (4, 6), (2, 7), (0, 10), (17, 7), (17, 9), (15, 5), (18, 9), (17, 6), (7, 18), (7, 15), (6, 17), (19, 13), (19, 15), (19, 14), (5, 3), (6, 1), (3, 5), (10, 1), (13, 1), (16, 4), (18, 2), (4, 0), (5, 19), (1, 17), (16, 19), (15, 0), (17, 19), (17, 18), (1, 2), (0, 3), (18, 0), (2, 1), (13, 10), (10, 0), (4, 19), (19, 9), (19, 0)]
 
 
 
/Users/armaanlala/Developer/Minesweeper-Algorithms/varied_density_boards/20x_20y_10d_0.json
20 x 20 with 40 bombs
Grid Area: 400 squares
Bomb Density: 0.1 bombs/square
Runtime: 10.35 seconds
Performance: 0.44 percent of squares uncovered
Bomb Locations: [(2, 1), (12, 10), (8, 8), (12, 7), (6, 10), (6, 8), (8, 14), (5, 6), (3, 9), (2, 11), (9, 3), (5, 4), (4, 6), (2, 3), (5, 1), (3, 13), (4, 15), (17, 14), (17, 17), (15, 18), (18, 9), (19, 12), (5, 7), (8, 18), (16, 3), (4, 16), (6, 19), (3, 18), (10, 1), (4, 17), (0, 7), (19, 3), (17, 2), (4, 0), (1, 3), (2, 19), (0, 18), (17, 0), (14, 18), (14, 19)]
 
 
 
/Users/armaanlala/Developer/Minesweeper-Algorithms/varied_density_boards/20x_20y_10d_1.json
20 x 20 with 40 bombs
Grid Area: 400 squares
Bomb Density: 0.1 bombs/square
Runtime: 6.13 seconds
Performance: 0.4525 percent of squares uncovered
Bomb Locations: [(9, 8), (7, 7), (8, 4), (10, 7), (7, 8), (7, 9), (7, 11), (13, 12), (13, 13), (13, 16), (15, 17), (13, 17), (10, 16), (5, 7), (15, 12), (15, 3), (17, 6), (17, 5), (14, 1), (15, 2), (8, 18), (17, 13), (19, 11), (3, 6), (9, 17), (7, 2), (17, 15), (16, 17), (18, 17), (0, 7), (19, 13), (8, 0), (19, 5), (19, 15), (0, 15), (17, 19), (2, 0), (7, 10), (8, 2), (14, 12)]
 
 
 
/Users/armaanlala/Developer/Minesweeper-Algorithms/varied_density_boards/20x_20y_04d_3.json
20 x 20 with 16 bombs
Grid Area: 400 squares
Bomb Density: 0.04 bombs/square
Runtime: 9.49 seconds
Performance: 0.2775 percent of squares uncovered
Bomb Locations: [(9, 12), (13, 9), (6, 10), (10, 5), (5, 14), (10, 17), (7, 4), (10, 3), (14, 4), (16, 5), (15, 16), (16, 14), (12, 17), (10, 0), (19, 11), (19, 1)]
 
 
 
/Users/armaanlala/Developer/Minesweeper-Algorithms/varied_density_boards/20x_20y_14d_3.json
20 x 20 with 56 bombs
Grid Area: 400 squares
Bomb Density: 0.14 bombs/square
Runtime: 8.38 seconds
Performance: 0.5175 percent of squares uncovered
Bomb Locations: [(10, 11), (10, 9), (7, 10), (6, 8), (9, 8), (11, 9), (11, 11), (11, 14), (13, 7), (12, 9), (16, 8), (8, 5), (5, 6), (11, 4), (6, 4), (7, 4), (8, 2), (5, 13), (6, 14), (13, 6), (14, 14), (10, 17), (3, 8), (4, 12), (12, 4), (2, 10), (5, 17), (6, 18), (15, 16), (19, 11), (14, 17), (18, 7), (2, 8), (5, 2), (2, 15), (14, 2), (19, 14), (17, 17), (19, 15), (10, 19), (4, 17), (16, 3), (2, 3), (0, 13), (19, 5), (1, 18), (2, 16), (3, 19), (17, 18), (14, 1), (0, 4), (0, 19), (1, 2), (18, 19), (16, 16), (0, 3)]
 
 
 
/Users/armaanlala/Developer/Minesweeper-Algorithms/varied_density_boards/20x_20y_06d_4.json
20 x 20 with 24 bombs
Grid Area: 400 squares
Bomb Density: 0.06 bombs/square
Runtime: 9.44 seconds
Performance: 0.33 percent of squares uncovered
Bomb Locations: [(7, 7), (5, 8), (12, 7), (10, 14), (15, 7), (13, 6), (14, 6), (4, 11), (9, 16), (14, 3), (2, 10), (5, 15), (7, 17), (18, 6), (16, 6), (19, 9), (15, 16), (2, 4), (2, 1), (0, 14), (15, 0), (18, 17), (3, 19), (19, 0)]
 
 
 
/Users/armaanlala/Developer/Minesweeper-Algorithms/varied_density_boards/20x_20y_16d_4.json
20 x 20 with 64 bombs
Grid Area: 400 squares
Bomb Density: 0.16 bombs/square
Runtime: 5.96 seconds
Performance: 0.6575 percent of squares uncovered
Bomb Locations: [(16, 17), (17, 16), (18, 18), (15, 15), (18, 16), (17, 18), (15, 16), (12, 17), (13, 19), (12, 18), (9, 9), (11, 8), (8, 7), (11, 7), (9, 6), (12, 6), (6, 9), (7, 7), (5, 8), (6, 5), (3, 6), (9, 3), (8, 2), (14, 5), (14, 4), (16, 2), (16, 5), (18, 4), (18, 6), (12, 12), (9, 14), (7, 12), (5, 11), (4, 9), (5, 13), (13, 10), (14, 8), (15, 12), (13, 11), (15, 14), (14, 11), (18, 13), (19, 14), (7, 14), (13, 7), (17, 7), (18, 8), (2, 8), (7, 16), (5, 15), (8, 18), (0, 8), (5, 17), (11, 18), (1, 13), (5, 0), (5, 18), (19, 7), (18, 1), (15, 0), (16, 0), (12, 0), (0, 2), (9, 2)]
 
 
 
/Users/armaanlala/Developer/Minesweeper-Algorithms/varied_density_boards/20x_20y_20d_4.json
20 x 20 with 80 bombs
Grid Area: 400 squares
Bomb Density: 0.2 bombs/square
Runtime: 7.13 seconds
Performance: 0.695 percent of squares uncovered
Bomb Locations: [(8, 8), (6, 9), (7, 7), (10, 9), (11, 12), (9, 13), (12, 9), (14, 11), (14, 13), (12, 14), (14, 14), (12, 16), (11, 8), (10, 6), (9, 8), (12, 6), (9, 7), (13, 6), (9, 6), (6, 13), (5, 11), (8, 15), (5, 14), (3, 14), (7, 17), (16, 11), (7, 5), (10, 4), (16, 13), (18, 11), (18, 12), (9, 18), (12, 18), (7, 18), (4, 5), (5, 4), (7, 4), (7, 2), (9, 2), (4, 1), (3, 1), (3, 4), (8, 0), (5, 0), (1, 1), (2, 0), (14, 4), (3, 7), (17, 6), (17, 16), (11, 2), (17, 3), (15, 2), (14, 3), (18, 3), (16, 1), (19, 2), (17, 0), (3, 17), (2, 17), (1, 13), (0, 14), (0, 9), (5, 18), (11, 0), (13, 2), (16, 0), (19, 16), (19, 19), (18, 17), (3, 19), (8, 4), (7, 19), (10, 0), (10, 1), (10, 3), (0, 13), (19, 11), (4, 18), (3, 18)]
 
 
 
/Users/armaanlala/Developer/Minesweeper-Algorithms/varied_density_boards/20x_20y_18d_0.json
20 x 20 with 72 bombs
Grid Area: 400 squares
Bomb Density: 0.18 bombs/square
Runtime: 7.65 seconds
Performance: 0.645 percent of squares uncovered
Bomb Locations: [(15, 16), (12, 15), (14, 15), (12, 16), (12, 14), (14, 14), (10, 10), (8, 9), (10, 7), (11, 7), (13, 10), (13, 11), (8, 6), (6, 9), (6, 8), (14, 12), (6, 13), (7, 14), (9, 15), (9, 16), (10, 17), (11, 15), (14, 5), (16, 9), (16, 6), (16, 10), (15, 12), (17, 12), (3, 12), (3, 14), (5, 14), (1, 11), (1, 13), (6, 4), (8, 5), (6, 16), (7, 18), (8, 16), (9, 19), (5, 16), (3, 5), (1, 6), (17, 14), (19, 13), (13, 13), (16, 15), (16, 16), (12, 2), (15, 2), (17, 3), (17, 2), (19, 7), (5, 2), (5, 3), (2, 14), (2, 17), (4, 16), (3, 18), (2, 15), (13, 0), (18, 16), (0, 4), (0, 3), (1, 1), (2, 0), (0, 15), (2, 18), (19, 3), (18, 15), (1, 19), (6, 15), (17, 16)]
 
 
 
/Users/armaanlala/Developer/Minesweeper-Algorithms/varied_density_boards/20x_20y_08d_0.json
20 x 20 with 32 bombs
Grid Area: 400 squares
Bomb Density: 0.08 bombs/square
Runtime: 10.3 seconds
Performance: 0.3625 percent of squares uncovered
Bomb Locations: [(9, 10), (10, 7), (10, 13), (12, 8), (11, 7), (11, 12), (8, 6), (8, 14), (9, 15), (15, 11), (11, 3), (14, 3), (16, 4), (13, 17), (4, 16), (1, 13), (11, 1), (13, 0), (14, 0), (6, 2), (17, 16), (7, 1), (19, 13), (0, 9), (0, 5), (1, 17), (18, 18), (3, 0), (15, 12), (0, 8), (19, 19), (0, 16)]
 
 
 
/Users/armaanlala/Developer/Minesweeper-Algorithms/varied_density_boards/20x_20y_16d_3.json
20 x 20 with 64 bombs
Grid Area: 400 squares
Bomb Density: 0.16 bombs/square
Runtime: 8.69 seconds
Performance: 0.55 percent of squares uncovered
Bomb Locations: [(5, 9), (7, 10), (2, 11), (4, 9), (3, 12), (10, 12), (11, 11), (8, 10), (9, 7), (10, 6), (12, 5), (10, 5), (9, 14), (7, 14), (5, 14), (6, 14), (7, 6), (15, 12), (5, 7), (17, 10), (15, 11), (17, 11), (19, 9), (9, 16), (9, 3), (6, 17), (12, 17), (11, 3), (3, 6), (13, 3), (5, 16), (2, 6), (6, 1), (8, 2), (5, 3), (6, 0), (14, 18), (3, 4), (3, 17), (1, 17), (12, 19), (15, 2), (19, 4), (0, 6), (0, 9), (16, 19), (18, 17), (18, 19), (19, 19), (4, 0), (2, 3), (4, 19), (4, 17), (18, 3), (16, 0), (0, 3), (11, 17), (14, 1), (11, 5), (10, 2), (15, 19), (4, 16), (12, 4), (16, 12)]
 
 
 
/Users/armaanlala/Developer/Minesweeper-Algorithms/varied_density_boards/20x_20y_06d_3.json
20 x 20 with 24 bombs
Grid Area: 400 squares
Bomb Density: 0.06 bombs/square
Runtime: 10.13 seconds
Performance: 0.3425 percent of squares uncovered
Bomb Locations: [(11, 10), (10, 13), (8, 12), (7, 9), (8, 7), (14, 8), (8, 4), (15, 15), (11, 3), (9, 17), (15, 4), (6, 18), (15, 17), (18, 16), (18, 17), (18, 18), (18, 5), (16, 2), (4, 1), (17, 2), (18, 3), (19, 19), (6, 9), (15, 3)]
 
 
 
/Users/armaanlala/Developer/Minesweeper-Algorithms/varied_density_boards/20x_20y_02d_1.json
20 x 20 with 8 bombs
Grid Area: 400 squares
Bomb Density: 0.02 bombs/square
Runtime: 10.38 seconds
Performance: 0.205 percent of squares uncovered
Bomb Locations: [(6, 9), (12, 14), (16, 11), (3, 6), (1, 10), (12, 1), (18, 14), (4, 2)]
 
 
 
/Users/armaanlala/Developer/Minesweeper-Algorithms/varied_density_boards/20x_20y_12d_1.json
20 x 20 with 48 bombs
Grid Area: 400 squares
Bomb Density: 0.12 bombs/square
Runtime: 6.97 seconds
Performance: 0.53 percent of squares uncovered
Bomb Locations: [(10, 10), (8, 10), (10, 8), (9, 8), (9, 11), (11, 13), (13, 10), (12, 7), (14, 12), (13, 14), (15, 7), (6, 12), (8, 15), (6, 14), (13, 4), (5, 12), (15, 15), (14, 16), (17, 13), (11, 17), (4, 10), (6, 16), (5, 16), (2, 9), (2, 13), (17, 6), (19, 11), (18, 14), (9, 19), (2, 5), (2, 17), (4, 18), (1, 16), (0, 13), (17, 3), (18, 5), (17, 18), (15, 17), (17, 19), (19, 3), (19, 2), (0, 8), (6, 0), (19, 16), (1, 4), (0, 17), (1, 0), (19, 15)]
 
 
 
/Users/armaanlala/Developer/Minesweeper-Algorithms/varied_density_boards/20x_20y_14d_4.json
20 x 20 with 56 bombs
Grid Area: 400 squares
Bomb Density: 0.14 bombs/square
Runtime: 6.92 seconds
Performance: 0.56 percent of squares uncovered
Bomb Locations: [(1, 2), (8, 10), (9, 7), (11, 8), (10, 5), (11, 12), (6, 11), (8, 14), (14, 11), (7, 5), (5, 9), (6, 5), (15, 6), (16, 14), (16, 11), (15, 15), (19, 15), (17, 16), (18, 16), (9, 16), (4, 11), (10, 3), (5, 16), (3, 15), (4, 16), (2, 9), (3, 7), (9, 17), (18, 9), (17, 6), (18, 10), (15, 3), (14, 1), (1, 12), (5, 3), (5, 2), (6, 1), (9, 0), (10, 0), (18, 4), (18, 3), (18, 5), (19, 1), (0, 8), (11, 19), (14, 19), (3, 2), (18, 18), (3, 0), (18, 19), (1, 0), (6, 4), (19, 17), (0, 0), (17, 10), (19, 4)]
 
 
 
/Users/armaanlala/Developer/Minesweeper-Algorithms/varied_density_boards/20x_20y_04d_4.json
20 x 20 with 16 bombs
Grid Area: 400 squares
Bomb Density: 0.04 bombs/square
Runtime: 9.89 seconds
Performance: 0.295 percent of squares uncovered
Bomb Locations: [(8, 8), (12, 12), (7, 7), (4, 5), (6, 14), (3, 11), (10, 4), (17, 10), (3, 14), (2, 11), (5, 17), (2, 15), (19, 11), (1, 10), (9, 0), (19, 2)]
 
 
 
/Users/armaanlala/Developer/Minesweeper-Algorithms/varied_density_boards/20x_20y_20d_3.json
20 x 20 with 80 bombs
Grid Area: 400 squares
Bomb Density: 0.2 bombs/square
Runtime: 5.63 seconds
Performance: 0.7275 percent of squares uncovered
Bomb Locations: [(9, 9), (11, 11), (10, 8), (8, 13), (10, 13), (12, 7), (8, 10), (13, 10), (12, 11), (10, 5), (6, 11), (5, 13), (12, 14), (11, 15), (13, 12), (14, 14), (14, 13), (13, 16), (14, 15), (10, 18), (8, 18), (13, 19), (16, 17), (16, 14), (17, 16), (19, 14), (19, 12), (8, 19), (15, 11), (7, 9), (5, 10), (6, 7), (3, 11), (3, 13), (2, 10), (1, 12), (4, 14), (3, 16), (7, 18), (4, 17), (0, 16), (0, 17), (1, 19), (0, 19), (15, 10), (12, 5), (13, 5), (10, 4), (17, 9), (18, 7), (15, 6), (17, 5), (15, 4), (18, 9), (16, 2), (18, 5), (19, 3), (18, 2), (19, 5), (14, 2), (15, 0), (18, 1), (12, 3), (13, 6), (8, 3), (10, 2), (7, 3), (7, 2), (8, 1), (4, 4), (11, 0), (1, 5), (3, 4), (9, 1), (18, 18), (4, 0), (19, 1), (15, 14), (9, 2), (19, 6)]
 
 
 
/Users/armaanlala/Developer/Minesweeper-Algorithms/varied_density_boards/20x_20y_20d_2.json
20 x 20 with 80 bombs
Grid Area: 400 squares
Bomb Density: 0.2 bombs/square
Runtime: 5.92 seconds
Performance: 0.715 percent of squares uncovered
Bomb Locations: [(15, 12), (17, 13), (15, 15), (13, 15), (12, 13), (13, 11), (18, 16), (15, 11), (12, 10), (12, 8), (15, 10), (15, 9), (15, 8), (13, 7), (16, 6), (11, 9), (9, 10), (8, 8), (10, 7), (11, 13), (8, 9), (8, 12), (7, 5), (6, 7), (11, 6), (12, 6), (15, 17), (17, 18), (15, 18), (13, 16), (16, 12), (18, 12), (17, 9), (19, 9), (18, 18), (10, 16), (12, 16), (8, 18), (11, 17), (13, 18), (5, 5), (3, 8), (8, 3), (14, 3), (4, 12), (5, 14), (17, 8), (18, 7), (2, 12), (3, 17), (4, 18), (16, 4), (19, 6), (19, 4), (17, 3), (9, 1), (12, 0), (3, 3), (8, 19), (5, 1), (1, 15), (1, 13), (0, 10), (2, 4), (18, 2), (16, 2), (1, 17), (1, 0), (4, 0), (0, 4), (3, 18), (13, 17), (19, 17), (18, 19), (12, 5), (8, 2), (15, 3), (14, 17), (3, 12), (1, 4)]
 
 
 
/Users/armaanlala/Developer/Minesweeper-Algorithms/varied_density_boards/20x_20y_02d_0.json
20 x 20 with 8 bombs
Grid Area: 400 squares
Bomb Density: 0.02 bombs/square
Runtime: 11.42 seconds
Performance: 0.2575 percent of squares uncovered
Bomb Locations: [(10, 11), (15, 12), (4, 15), (1, 15), (15, 2), (19, 14), (18, 1), (0, 6)]
 
 
 
/Users/armaanlala/Developer/Minesweeper-Algorithms/varied_density_boards/20x_20y_12d_0.json
20 x 20 with 48 bombs
Grid Area: 400 squares
Bomb Density: 0.12 bombs/square
Runtime: 6.46 seconds
Performance: 0.53 percent of squares uncovered
Bomb Locations: [(3, 4), (4, 6), (0, 4), (10, 11), (9, 11), (11, 8), (8, 8), (8, 11), (10, 7), (7, 5), (6, 14), (7, 12), (9, 15), (4, 13), (15, 11), (14, 13), (3, 8), (1, 9), (12, 3), (9, 3), (10, 1), (18, 11), (16, 12), (18, 12), (17, 9), (19, 15), (10, 18), (7, 3), (12, 18), (5, 3), (4, 2), (3, 1), (15, 1), (8, 1), (10, 0), (7, 1), (5, 2), (1, 15), (16, 1), (19, 18), (2, 19), (18, 0), (3, 0), (8, 12), (13, 19), (1, 8), (10, 19), (11, 19)]
 
 
 
/Users/armaanlala/Developer/Minesweeper-Algorithms/varied_density_boards/20x_20y_16d_2.json
20 x 20 with 64 bombs
Grid Area: 400 squares
Bomb Density: 0.16 bombs/square
Runtime: 7.39 seconds
Performance: 0.62 percent of squares uncovered
Bomb Locations: [(17, 8), (19, 7), (19, 10), (17, 7), (18, 11), (9, 10), (12, 10), (11, 12), (8, 11), (13, 8), (10, 14), (8, 8), (14, 12), (15, 14), (12, 6), (10, 5), (13, 7), (5, 8), (5, 7), (13, 5), (12, 3), (10, 4), (9, 2), (12, 0), (10, 0), (16, 6), (16, 8), (16, 13), (3, 11), (3, 9), (11, 16), (9, 18), (6, 18), (8, 19), (7, 19), (4, 4), (2, 6), (1, 10), (0, 8), (14, 15), (12, 18), (12, 16), (0, 13), (0, 11), (19, 16), (17, 14), (16, 15), (18, 7), (9, 19), (5, 18), (3, 17), (1, 16), (0, 14), (4, 2), (18, 4), (14, 19), (17, 2), (8, 0), (2, 19), (4, 0), (1, 18), (3, 0), (8, 9), (19, 12)]
 
 
 
/Users/armaanlala/Developer/Minesweeper-Algorithms/varied_density_boards/20x_20y_06d_2.json
20 x 20 with 24 bombs
Grid Area: 400 squares
Bomb Density: 0.06 bombs/square
Runtime: 9.14 seconds
Performance: 0.3325 percent of squares uncovered
Bomb Locations: [(18, 2), (11, 9), (8, 8), (12, 6), (7, 6), (16, 13), (18, 10), (10, 17), (6, 5), (6, 2), (3, 3), (4, 14), (2, 8), (12, 1), (1, 14), (2, 16), (5, 18), (9, 0), (18, 17), (18, 19), (3, 19), (1, 18), (2, 19), (19, 1)]
 
 
 
/Users/armaanlala/Developer/Minesweeper-Algorithms/varied_density_boards/20x_20y_10d_4.json
20 x 20 with 40 bombs
Grid Area: 400 squares
Bomb Density: 0.1 bombs/square
Runtime: 8.05 seconds
Performance: 0.4425 percent of squares uncovered
Bomb Locations: [(10, 1), (9, 9), (12, 10), (12, 7), (8, 12), (6, 10), (13, 13), (15, 11), (10, 15), (9, 13), (12, 4), (15, 4), (12, 16), (14, 14), (17, 11), (4, 5), (7, 18), (12, 2), (16, 15), (2, 11), (4, 16), (19, 6), (19, 14), (17, 15), (6, 2), (12, 1), (18, 5), (2, 16), (0, 7), (0, 10), (19, 17), (3, 19), (1, 19), (15, 0), (3, 0), (17, 1), (19, 0), (0, 11), (11, 15), (18, 1)]
 
 
 
/Users/armaanlala/Developer/Minesweeper-Algorithms/varied_density_boards/20x_20y_12d_3.json
20 x 20 with 48 bombs
Grid Area: 400 squares
Bomb Density: 0.12 bombs/square
Runtime: 7.03 seconds
Performance: 0.5325 percent of squares uncovered
Bomb Locations: [(6, 12), (9, 9), (10, 12), (7, 13), (11, 12), (13, 10), (8, 6), (11, 6), (11, 5), (11, 4), (10, 3), (7, 1), (9, 1), (5, 4), (6, 2), (13, 6), (15, 6), (16, 7), (14, 5), (13, 2), (17, 11), (17, 8), (13, 9), (13, 12), (16, 12), (5, 7), (4, 7), (12, 1), (12, 0), (13, 17), (14, 17), (18, 4), (19, 5), (6, 19), (1, 9), (4, 3), (16, 19), (13, 18), (19, 14), (3, 3), (18, 17), (19, 17), (0, 7), (1, 17), (1, 2), (19, 3), (0, 9), (13, 0)]
 
 
 
/Users/armaanlala/Developer/Minesweeper-Algorithms/varied_density_boards/20x_20y_02d_3.json
20 x 20 with 8 bombs
Grid Area: 400 squares
Bomb Density: 0.02 bombs/square
Runtime: 11.07 seconds
Performance: 0.25 percent of squares uncovered
Bomb Locations: [(7, 13), (12, 7), (12, 13), (14, 10), (14, 7), (2, 11), (12, 0), (2, 0)]
 
 
 
/Users/armaanlala/Developer/Minesweeper-Algorithms/varied_density_boards/20x_20y_06d_1.json
20 x 20 with 24 bombs
Grid Area: 400 squares
Bomb Density: 0.06 bombs/square
Runtime: 9.52 seconds
Performance: 0.3225 percent of squares uncovered
Bomb Locations: [(9, 8), (10, 12), (13, 12), (12, 13), (10, 13), (10, 14), (8, 14), (16, 9), (15, 11), (10, 16), (15, 4), (13, 2), (19, 8), (3, 5), (2, 8), (15, 17), (17, 16), (1, 13), (0, 12), (15, 19), (17, 18), (1, 1), (19, 2), (19, 19)]
 
 
 
/Users/armaanlala/Developer/Minesweeper-Algorithms/varied_density_boards/20x_20y_16d_1.json
20 x 20 with 64 bombs
Grid Area: 400 squares
Bomb Density: 0.16 bombs/square
Runtime: 6.7 seconds
Performance: 0.6 percent of squares uncovered
Bomb Locations: [(10, 1), (10, 11), (8, 11), (10, 8), (12, 11), (13, 9), (13, 6), (14, 8), (14, 6), (15, 6), (12, 12), (17, 9), (16, 6), (17, 5), (7, 14), (5, 13), (10, 16), (7, 7), (6, 9), (12, 15), (12, 13), (13, 15), (14, 14), (7, 5), (3, 10), (1, 7), (2, 9), (1, 9), (2, 6), (1, 6), (16, 13), (4, 14), (6, 15), (5, 16), (3, 17), (2, 15), (5, 17), (15, 15), (16, 16), (4, 13), (14, 3), (6, 3), (8, 19), (5, 19), (19, 13), (19, 16), (19, 10), (4, 2), (7, 1), (19, 12), (0, 10), (1, 16), (1, 19), (3, 18), (0, 16), (0, 19), (0, 12), (18, 3), (5, 0), (18, 0), (18, 2), (0, 0), (15, 5), (0, 11)]
 
 
 
/Users/armaanlala/Developer/Minesweeper-Algorithms/varied_density_boards/20x_20y_20d_1.json
20 x 20 with 80 bombs
Grid Area: 400 squares
Bomb Density: 0.2 bombs/square
Runtime: 5.9 seconds
Performance: 0.725 percent of squares uncovered
Bomb Locations: [(13, 3), (12, 1), (14, 2), (13, 1), (14, 0), (13, 6), (10, 6), (9, 8), (11, 9), (13, 7), (12, 9), (14, 9), (9, 7), (14, 7), (8, 10), (8, 9), (13, 12), (12, 12), (16, 6), (7, 12), (7, 11), (8, 13), (12, 15), (14, 16), (15, 13), (17, 15), (16, 13), (18, 14), (17, 17), (16, 18), (13, 17), (11, 19), (11, 17), (10, 18), (10, 16), (7, 15), (18, 15), (19, 18), (5, 12), (8, 5), (3, 14), (3, 16), (6, 14), (6, 16), (5, 17), (4, 13), (3, 12), (2, 9), (1, 11), (2, 12), (6, 4), (3, 6), (3, 7), (9, 4), (8, 4), (1, 16), (1, 13), (4, 19), (18, 4), (17, 6), (19, 10), (5, 1), (3, 1), (1, 4), (1, 3), (6, 18), (1, 6), (18, 3), (11, 1), (6, 0), (3, 0), (18, 1), (0, 19), (2, 0), (18, 0), (8, 8), (0, 3), (7, 9), (11, 0), (9, 5)]
 
 
 
/Users/armaanlala/Developer/Minesweeper-Algorithms/varied_density_boards/20x_20y_18d_4.json
20 x 20 with 72 bombs
Grid Area: 400 squares
Bomb Density: 0.18 bombs/square
Runtime: 6.97 seconds
Performance: 0.625 percent of squares uncovered
Bomb Locations: [(9, 3), (8, 5), (10, 6), (12, 3), (12, 5), (8, 6), (13, 5), (7, 3), (7, 4), (10, 1), (7, 2), (7, 0), (14, 4), (11, 0), (10, 11), (8, 11), (9, 8), (7, 10), (10, 12), (9, 12), (9, 13), (6, 10), (11, 14), (12, 16), (10, 18), (7, 16), (13, 11), (13, 12), (12, 13), (12, 14), (16, 9), (15, 11), (17, 11), (18, 10), (16, 8), (4, 11), (5, 10), (16, 13), (6, 6), (4, 10), (4, 16), (3, 14), (5, 17), (11, 17), (3, 6), (3, 8), (5, 6), (2, 9), (0, 9), (0, 12), (3, 11), (1, 8), (3, 9), (0, 5), (2, 3), (4, 18), (19, 5), (10, 19), (2, 16), (2, 17), (5, 2), (4, 0), (0, 17), (2, 2), (0, 2), (0, 0), (19, 19), (0, 19), (3, 2), (6, 5), (11, 19), (1, 17)]
 
 
 
/Users/armaanlala/Developer/Minesweeper-Algorithms/varied_density_boards/20x_20y_08d_4.json
20 x 20 with 32 bombs
Grid Area: 400 squares
Bomb Density: 0.08 bombs/square
Runtime: 8.05 seconds
Performance: 0.3775 percent of squares uncovered
Bomb Locations: [(7, 6), (7, 8), (9, 8), (7, 11), (6, 8), (13, 10), (11, 7), (12, 7), (14, 8), (11, 14), (15, 6), (12, 6), (16, 4), (3, 9), (4, 13), (7, 3), (13, 17), (10, 18), (11, 2), (8, 2), (7, 0), (6, 17), (18, 13), (1, 7), (3, 4), (2, 15), (4, 17), (7, 19), (19, 3), (17, 1), (3, 19), (10, 19)]
 
 
 
/Users/armaanlala/Developer/Minesweeper-Algorithms/varied_density_boards/20x_20y_20d_0.json
20 x 20 with 80 bombs
Grid Area: 400 squares
Bomb Density: 0.2 bombs/square
Runtime: 7.83 seconds
Performance: 0.7225 percent of squares uncovered
Bomb Locations: [(5, 6), (10, 9), (8, 11), (8, 8), (9, 12), (7, 8), (12, 13), (8, 14), (8, 12), (11, 14), (10, 17), (11, 6), (11, 8), (13, 7), (14, 9), (8, 13), (12, 4), (14, 5), (15, 8), (9, 3), (11, 3), (14, 4), (10, 2), (11, 0), (9, 0), (9, 1), (8, 3), (5, 8), (4, 11), (7, 6), (7, 14), (14, 13), (15, 11), (15, 15), (18, 13), (17, 11), (19, 12), (16, 14), (18, 14), (16, 9), (2, 6), (1, 9), (4, 8), (2, 12), (4, 15), (5, 17), (5, 4), (7, 5), (7, 4), (7, 1), (11, 19), (13, 19), (17, 3), (15, 3), (18, 5), (16, 2), (18, 3), (1, 16), (0, 14), (3, 18), (5, 18), (2, 17), (3, 13), (0, 16), (17, 18), (8, 0), (14, 0), (2, 2), (5, 0), (17, 0), (17, 2), (3, 1), (17, 19), (0, 19), (18, 1), (6, 7), (19, 15), (18, 6), (4, 0), (7, 13)]
 
 
 
/Users/armaanlala/Developer/Minesweeper-Algorithms/varied_density_boards/20x_20y_06d_0.json
20 x 20 with 24 bombs
Grid Area: 400 squares
Bomb Density: 0.06 bombs/square
Runtime: 10.0 seconds
Performance: 0.3175 percent of squares uncovered
Bomb Locations: [(11, 10), (13, 11), (6, 7), (4, 10), (8, 14), (10, 3), (8, 4), (11, 4), (3, 13), (2, 10), (8, 15), (7, 14), (18, 12), (12, 17), (11, 1), (12, 3), (10, 19), (5, 3), (6, 2), (14, 18), (19, 8), (6, 18), (19, 4), (5, 2)]
 
 
 
/Users/armaanlala/Developer/Minesweeper-Algorithms/varied_density_boards/20x_20y_16d_0.json
20 x 20 with 64 bombs
Grid Area: 400 squares
Bomb Density: 0.16 bombs/square
Runtime: 7.98 seconds
Performance: 0.6675 percent of squares uncovered
Bomb Locations: [(18, 18), (9, 10), (10, 9), (13, 9), (11, 7), (13, 8), (13, 6), (14, 6), (10, 13), (7, 12), (7, 15), (6, 12), (5, 12), (9, 16), (7, 16), (6, 10), (13, 13), (14, 7), (5, 7), (4, 9), (15, 13), (2, 12), (3, 6), (3, 8), (7, 4), (12, 3), (14, 5), (9, 3), (10, 2), (13, 0), (13, 17), (10, 18), (13, 19), (15, 16), (5, 16), (16, 4), (0, 7), (2, 4), (6, 2), (3, 2), (6, 0), (6, 3), (8, 19), (6, 18), (18, 8), (19, 5), (17, 3), (19, 11), (2, 16), (4, 16), (9, 1), (16, 18), (16, 19), (19, 14), (1, 13), (16, 0), (17, 1), (0, 2), (0, 1), (0, 0), (19, 1), (17, 0), (18, 19), (17, 18)]
 
 
 
/Users/armaanlala/Developer/Minesweeper-Algorithms/varied_density_boards/20x_20y_12d_2.json
20 x 20 with 48 bombs
Grid Area: 400 squares
Bomb Density: 0.12 bombs/square
Runtime: 8.35 seconds
Performance: 0.44 percent of squares uncovered
Bomb Locations: [(6, 18), (11, 9), (8, 10), (8, 12), (11, 13), (7, 7), (5, 12), (7, 12), (4, 9), (7, 11), (10, 5), (7, 4), (9, 4), (6, 6), (11, 14), (14, 11), (14, 13), (14, 15), (15, 10), (16, 12), (17, 9), (6, 2), (15, 4), (15, 17), (14, 18), (17, 7), (10, 19), (2, 9), (4, 16), (2, 13), (17, 5), (1, 11), (12, 0), (14, 0), (19, 7), (18, 18), (17, 19), (19, 5), (5, 0), (0, 5), (17, 0), (19, 17), (19, 1), (0, 0), (16, 13), (2, 8), (6, 19), (17, 6)]
 
 
 
/Users/armaanlala/Developer/Minesweeper-Algorithms/varied_density_boards/20x_20y_02d_2.json
20 x 20 with 8 bombs
Grid Area: 400 squares
Bomb Density: 0.02 bombs/square
Runtime: 9.96 seconds
Performance: 0.2125 percent of squares uncovered
Bomb Locations: [(16, 2), (10, 10), (5, 9), (3, 12), (11, 6), (10, 17), (6, 18), (2, 16)]
 
 
 
/Users/armaanlala/Developer/Minesweeper-Algorithms/varied_density_boards/20x_20y_08d_3.json
20 x 20 with 32 bombs
Grid Area: 400 squares
Bomb Density: 0.08 bombs/square
Runtime: 9.2 seconds
Performance: 0.3925 percent of squares uncovered
Bomb Locations: [(11, 9), (12, 10), (12, 12), (11, 7), (11, 15), (10, 14), (8, 14), (6, 6), (10, 4), (6, 15), (4, 13), (4, 14), (6, 16), (17, 10), (16, 6), (16, 4), (15, 14), (12, 17), (3, 6), (18, 15), (7, 17), (13, 1), (2, 15), (6, 1), (3, 2), (12, 19), (2, 5), (0, 13), (0, 17), (0, 19), (2, 16), (0, 18)]
 
 
 
/Users/armaanlala/Developer/Minesweeper-Algorithms/varied_density_boards/20x_20y_18d_3.json
20 x 20 with 72 bombs
Grid Area: 400 squares
Bomb Density: 0.18 bombs/square
Runtime: 5.85 seconds
Performance: 0.615 percent of squares uncovered
Bomb Locations: [(7, 10), (5, 8), (8, 7), (9, 8), (7, 6), (4, 5), (8, 4), (8, 6), (5, 3), (2, 8), (3, 10), (3, 5), (5, 2), (3, 2), (4, 4), (1, 4), (1, 2), (4, 2), (11, 9), (12, 12), (10, 12), (11, 13), (9, 14), (8, 13), (10, 16), (11, 16), (9, 15), (12, 13), (9, 16), (12, 6), (10, 7), (10, 5), (11, 5), (12, 8), (14, 12), (15, 5), (14, 3), (12, 2), (8, 5), (5, 15), (4, 13), (10, 4), (9, 2), (12, 1), (17, 9), (16, 13), (17, 12), (3, 14), (0, 11), (3, 12), (0, 13), (10, 18), (16, 2), (15, 0), (17, 3), (13, 1), (18, 4), (16, 17), (19, 12), (5, 19), (14, 19), (7, 0), (18, 17), (17, 1), (18, 1), (19, 19), (9, 7), (17, 13), (15, 19), (18, 2), (13, 12), (19, 0)]
 
 
 
/Users/armaanlala/Developer/Minesweeper-Algorithms/varied_density_boards/20x_20y_10d_2.json
20 x 20 with 40 bombs
Grid Area: 400 squares
Bomb Density: 0.1 bombs/square
Runtime: 6.73 seconds
Performance: 0.5125 percent of squares uncovered
Bomb Locations: [(16, 7), (9, 9), (8, 11), (12, 9), (8, 8), (7, 6), (9, 13), (12, 14), (8, 15), (11, 17), (9, 16), (9, 17), (12, 17), (8, 13), (13, 18), (6, 13), (3, 9), (3, 11), (4, 16), (7, 16), (14, 4), (12, 2), (9, 2), (4, 5), (6, 3), (2, 8), (1, 8), (0, 11), (18, 11), (19, 6), (16, 3), (14, 3), (1, 16), (19, 5), (19, 15), (19, 16), (6, 0), (1, 4), (3, 0), (8, 17)]
 
 
 
/Users/armaanlala/Developer/Minesweeper-Algorithms/varied_density_boards/20x_20y_14d_0.json
20 x 20 with 56 bombs
Grid Area: 400 squares
Bomb Density: 0.14 bombs/square
Runtime: 9.0 seconds
Performance: 0.5775 percent of squares uncovered
Bomb Locations: [(10, 10), (8, 11), (7, 8), (13, 9), (13, 12), (12, 7), (14, 12), (10, 14), (14, 7), (6, 13), (5, 12), (11, 16), (14, 14), (11, 14), (8, 16), (5, 5), (15, 5), (16, 7), (4, 10), (5, 13), (3, 7), (2, 9), (2, 7), (3, 9), (13, 3), (10, 2), (12, 2), (16, 17), (8, 19), (9, 17), (6, 18), (1, 11), (3, 11), (4, 3), (3, 2), (1, 4), (0, 2), (1, 1), (4, 4), (0, 3), (5, 17), (16, 3), (0, 7), (0, 5), (1, 8), (0, 14), (6, 1), (11, 0), (17, 16), (5, 19), (19, 2), (17, 18), (0, 15), (19, 18), (1, 19), (19, 19)]
 
 
 
/Users/armaanlala/Developer/Minesweeper-Algorithms/varied_density_boards/20x_20y_04d_0.json
20 x 20 with 16 bombs
Grid Area: 400 squares
Bomb Density: 0.04 bombs/square
Runtime: 9.75 seconds
Performance: 0.2925 percent of squares uncovered
Bomb Locations: [(16, 16), (13, 18), (15, 7), (3, 8), (7, 16), (15, 5), (17, 14), (18, 6), (4, 4), (6, 18), (19, 6), (18, 15), (4, 19), (18, 3), (17, 18), (0, 2)]
 
 
 
/Users/armaanlala/Developer/Minesweeper-Algorithms/varied_density_boards/20x_20y_02d_4.json
20 x 20 with 8 bombs
Grid Area: 400 squares
Bomb Density: 0.02 bombs/square
Runtime: 11.11 seconds
Performance: 0.2575 percent of squares uncovered
Bomb Locations: [(9, 12), (9, 14), (8, 3), (3, 5), (17, 8), (10, 1), (7, 19), (0, 2)]
 
 
 
/Users/armaanlala/Developer/Minesweeper-Algorithms/varied_density_boards/20x_20y_12d_4.json
20 x 20 with 48 bombs
Grid Area: 400 squares
Bomb Density: 0.12 bombs/square
Runtime: 6.47 seconds
Performance: 0.52 percent of squares uncovered
Bomb Locations: [(12, 12), (12, 14), (14, 13), (13, 14), (15, 10), (16, 16), (17, 15), (7, 9), (8, 11), (5, 12), (10, 7), (8, 6), (6, 6), (10, 12), (13, 7), (12, 5), (9, 5), (6, 4), (3, 7), (14, 5), (13, 3), (11, 16), (17, 8), (3, 13), (16, 4), (13, 19), (14, 19), (16, 18), (7, 1), (5, 3), (10, 0), (8, 1), (8, 0), (19, 11), (2, 5), (1, 15), (4, 18), (18, 15), (2, 2), (5, 19), (3, 18), (17, 18), (0, 14), (3, 0), (1, 0), (15, 5), (17, 17), (7, 0)]
 
 
 
/Users/armaanlala/Developer/Minesweeper-Algorithms/varied_density_boards/20x_20y_14d_1.json
20 x 20 with 56 bombs
Grid Area: 400 squares
Bomb Density: 0.14 bombs/square
Runtime: 7.83 seconds
Performance: 0.495 percent of squares uncovered
Bomb Locations: [(10, 11), (9, 13), (6, 11), (13, 14), (11, 12), (14, 13), (15, 10), (10, 7), (6, 8), (5, 9), (4, 11), (4, 9), (4, 12), (2, 8), (15, 9), (15, 7), (9, 15), (12, 17), (14, 15), (14, 18), (15, 18), (17, 17), (18, 15), (12, 19), (14, 19), (11, 19), (5, 6), (4, 15), (5, 12), (18, 8), (16, 6), (2, 4), (4, 6), (19, 12), (17, 4), (15, 2), (18, 2), (4, 17), (7, 0), (7, 19), (0, 10), (4, 2), (17, 19), (18, 18), (19, 4), (4, 19), (2, 18), (1, 17), (0, 15), (14, 1), (2, 2), (1, 2), (19, 0), (4, 8), (3, 18), (0, 9)]
 
 
 
/Users/armaanlala/Developer/Minesweeper-Algorithms/varied_density_boards/20x_20y_04d_1.json
20 x 20 with 16 bombs
Grid Area: 400 squares
Bomb Density: 0.04 bombs/square
Runtime: 7.16 seconds
Performance: 0.235 percent of squares uncovered
Bomb Locations: [(14, 17), (15, 14), (11, 9), (7, 9), (7, 6), (5, 7), (10, 8), (16, 8), (15, 13), (10, 1), (6, 2), (11, 2), (17, 14), (19, 9), (4, 17), (8, 19)]
 
 
 
/Users/armaanlala/Developer/Minesweeper-Algorithms/varied_density_boards/20x_20y_10d_3.json
20 x 20 with 40 bombs
Grid Area: 400 squares
Bomb Density: 0.1 bombs/square
Runtime: 9.01 seconds
Performance: 0.405 percent of squares uncovered
Bomb Locations: [(7, 7), (10, 7), (13, 10), (8, 12), (12, 12), (7, 12), (15, 11), (5, 8), (7, 16), (9, 17), (15, 16), (16, 7), (18, 11), (18, 13), (14, 3), (5, 17), (10, 18), (14, 1), (1, 15), (14, 18), (1, 7), (4, 3), (17, 17), (7, 0), (0, 11), (5, 18), (18, 17), (17, 1), (0, 5), (0, 18), (1, 16), (4, 2), (18, 18), (19, 1), (18, 0), (1, 19), (14, 11), (5, 7), (13, 2), (14, 19)]
 
 
 
/Users/armaanlala/Developer/Minesweeper-Algorithms/varied_density_boards/20x_20y_08d_2.json
20 x 20 with 32 bombs
Grid Area: 400 squares
Bomb Density: 0.08 bombs/square
Runtime: 8.92 seconds
Performance: 0.3625 percent of squares uncovered
Bomb Locations: [(11, 11), (11, 8), (13, 10), (14, 9), (5, 13), (7, 5), (5, 8), (16, 12), (15, 10), (17, 11), (11, 17), (14, 5), (4, 13), (16, 13), (3, 10), (4, 16), (11, 3), (10, 1), (7, 1), (8, 0), (9, 18), (18, 14), (16, 3), (15, 2), (19, 4), (1, 17), (18, 18), (15, 1), (5, 0), (1, 2), (10, 12), (19, 18)]
 
 
 
/Users/armaanlala/Developer/Minesweeper-Algorithms/varied_density_boards/20x_20y_18d_2.json
20 x 20 with 72 bombs
Grid Area: 400 squares
Bomb Density: 0.18 bombs/square
Runtime: 7.1 seconds
Performance: 0.6625 percent of squares uncovered
Bomb Locations: [(2, 5), (0, 5), (1, 8), (4, 7), (5, 10), (6, 8), (6, 11), (0, 8), (7, 13), (5, 7), (6, 5), (12, 10), (11, 12), (13, 7), (11, 6), (12, 9), (13, 6), (15, 9), (14, 6), (15, 5), (17, 4), (18, 6), (13, 12), (16, 12), (4, 13), (3, 11), (6, 13), (4, 14), (10, 4), (5, 2), (3, 4), (6, 2), (2, 1), (4, 0), (3, 0), (1, 3), (5, 0), (9, 2), (7, 0), (10, 1), (1, 0), (14, 17), (16, 14), (2, 14), (8, 17), (17, 2), (15, 1), (14, 2), (11, 19), (9, 19), (6, 17), (8, 19), (12, 18), (19, 9), (18, 13), (19, 11), (2, 17), (3, 15), (1, 15), (1, 17), (0, 14), (13, 2), (19, 7), (19, 14), (14, 18), (16, 0), (11, 5), (0, 9), (7, 19), (6, 0), (2, 18), (12, 6)]
 
 
 
Final stats: 4950 bombs found, 0.456253 percent mined on average across 100 boards
